0	[15, 16, 17, 18, 19, 27, 28, 29, 30, 31]
1	[29, 30, 31, 32, 33, 34]
2	[166, 167, 168, 169, 170, 171]
3	[87, 88, 89, 90, 91, 92]
4	[]
5	[8, 9, 10, 11, 12]
6	[265, 266, 267, 268, 269, 270, 271, 272, 273, 274, 275, 276, 277, 278, 279, 280, 281, 282, 283, 284, 285, 286, 287, 288, 289, 290, 291, 292, 293, 294, 295, 296, 297, 298, 299, 300, 301, 302, 303, 304, 305, 306, 307, 308, 309, 310, 311, 312, 313, 314, 315, 316, 317, 318, 319, 320, 321, 322, 323, 324, 325, 326, 327, 328, 329, 330, 331, 332, 333, 334, 335, 336, 337, 338, 339, 340, 341, 342, 343, 344, 345, 346, 347, 348, 349, 350, 351, 352, 353, 354, 355, 356, 357, 358, 359, 360, 361, 362, 363, 364, 365, 366, 367, 368, 369, 370, 371, 372, 373, 374, 375, 376, 377, 378, 379, 380, 381, 382, 383, 384, 385, 386, 387, 388, 389, 390, 391, 392, 393, 394, 395, 396, 397, 398, 399, 400, 401, 402, 403, 404, 405, 406, 407, 408, 409, 410, 411, 412, 413, 414, 415, 416, 417, 418, 419, 420, 421, 422, 423, 424, 425, 426, 427, 428, 429, 430, 431, 432, 433, 434, 435, 436, 437, 438, 439, 440, 441, 442, 443, 444, 445, 446, 447, 448, 449, 450, 451, 452, 453, 454, 455, 456, 457, 458, 459, 460, 461, 462, 463, 464, 465, 466, 467, 468, 469, 470, 471, 472, 473, 474, 475, 476, 477, 478, 479, 480, 481, 482, 483, 484, 485, 486, 487, 488, 489, 490, 491, 492, 493, 494, 495, 496, 497, 498, 499, 500, 501, 502, 503, 504, 505, 506, 507, 508, 509, 510, 511, 512, 513, 514]
7	[]
8	[38, 39, 40, 41, 42, 43]
9	[277, 278, 279, 280, 281, 282, 283, 284, 285, 286, 287, 288, 289, 290, 291, 292, 293, 294, 295, 296, 297, 298, 299, 300, 301, 302, 303, 304, 305, 306]
10	[26, 27, 28, 29, 30]
11	[35, 36, 37, 38, 39, 40, 41, 42, 49, 50, 51, 52, 53, 54, 55, 61, 62, 63, 64, 65, 66, 67, 68, 69, 70, 71, 72]
12	[7, 8, 9, 10, 11, 12, 13, 14, 15, 16]
13	[]
14	[23, 24, 25, 26]
15	[]
16	[51, 52, 53, 54, 55, 56, 57, 58, 59]
17	[103, 104, 105, 106, 107, 108, 109, 110, 111, 112]
18	[31, 32, 33, 34, 35, 36]
19	[37, 38, 39, 40, 41, 42, 43, 44, 45, 139, 140, 141, 142, 143, 144, 145, 146, 147]
20	[62, 63, 64, 65, 66, 67]
21	[41, 42, 43, 44, 45]
22	[314, 315, 316, 317, 318]
23	[40, 41, 42, 43, 44, 45]
24	[22, 23, 24, 25, 26, 27, 28, 29, 61, 62, 63, 64, 65, 66, 67, 68]
25	[60, 61, 62, 63, 64, 65, 66, 67, 68, 69]
26	[74, 75, 76, 77, 78, 79, 80]
27	[56, 57, 58, 59, 60, 61, 62, 63, 64, 65, 66, 67, 68, 69, 70, 71, 72, 73, 74, 75, 76, 77, 78, 79, 80, 81, 82, 83, 84, 85, 86, 87, 88, 89, 90, 91, 92, 93, 94, 95, 96, 97, 98, 99, 100, 101, 102, 103, 104, 105, 106, 107, 108, 109, 110, 111, 112, 113, 114, 115, 116, 117, 118, 119, 120, 209, 210, 211, 212, 213, 214, 215, 216, 217, 218, 219, 220, 221, 222, 223, 224, 225, 226, 227, 228, 229, 230, 231, 232, 233, 234, 235, 236, 237, 238, 239, 240, 241, 401, 402, 403, 404, 405, 406, 407, 408, 409, 410, 411, 412, 413, 414, 415, 416, 417, 418, 419, 420, 421, 422, 423, 424, 425, 426, 427, 428, 429, 430, 431]
28	[]
29	[128, 129, 130, 131, 132, 133]
30	[0, 1, 2, 3, 4, 5, 6, 7, 8, 9, 10, 11, 12, 13, 14]
31	[8, 9, 10, 11, 12]
32	[35, 36, 37, 38, 39, 40, 41, 42, 43, 44, 45, 46, 47, 48, 49, 50, 51, 52, 53, 54, 55, 56, 57, 58, 59, 92, 93, 94, 95, 96, 97, 98, 99, 100, 101, 102, 103, 104, 105, 106, 107, 108, 109, 110, 111, 112, 113, 114, 115, 116, 117, 118, 119, 120, 121, 122, 123, 124, 125, 126, 127, 128, 129, 130, 131, 132, 133, 134, 135]
33	[]
34	[0, 1, 2, 3, 4, 5, 6, 7, 8, 9, 10, 11, 12, 13, 14, 15, 16, 17, 18, 19, 20, 21, 22, 23, 24, 25, 26, 27, 28, 34, 35, 36, 37, 38, 39, 40, 41, 52, 53, 54, 55, 56, 57, 58, 59, 60, 61, 62]
35	[18, 19, 20, 21, 22, 23]
36	[101, 102, 103, 104, 105, 106, 107, 108, 109, 110, 111, 112, 114, 115, 116, 117, 118]
37	[6, 7, 8, 9, 10, 11]
38	[70, 71, 72, 73, 74]
39	[46, 47, 48, 49, 50, 51, 53, 54, 55, 56, 57, 58, 59, 60, 61, 62, 63, 64, 65, 66, 67, 68, 69]
40	[685, 686, 687, 688, 689, 690, 691, 692, 693, 694, 695, 696, 697, 698, 699, 700, 701, 702, 703, 704, 705, 706, 707, 708]
41	[]
42	[21, 22, 23, 24, 70, 71, 72, 73, 74, 75, 76, 77]
43	[118, 119, 120, 121, 122, 123, 124, 125, 126, 127, 128, 129, 135, 136, 137, 138, 139, 140, 141, 142, 143, 144, 145]
44	[28, 29, 30, 31, 32, 33, 34, 35, 36, 60, 61, 62, 63, 64, 65, 66, 67, 68, 69, 102, 103, 104, 105, 106, 164, 165, 166, 167, 168, 169, 170, 171, 172, 173]
45	[28, 29, 30, 31, 32, 33]
46	[248, 249, 250, 251, 252, 253]
47	[30, 31, 32, 33, 34, 35]
48	[15, 16, 17, 18, 19, 20, 21, 22, 275, 276, 277, 278, 279, 280, 281, 282]
49	[350, 351, 352, 353, 354, 355, 356, 357, 358, 359, 360, 361, 362, 363, 364, 365, 366, 367, 368, 369, 370, 371, 372, 373, 374, 375, 376, 377, 378, 379, 380, 381, 382, 383, 384]
50	[185, 186, 187, 188, 189, 190, 191, 192, 193]
51	[5, 6, 7, 8, 54, 55, 56, 57, 58, 59, 60, 61]
52	[141, 142, 143, 144, 145, 146, 147, 148, 149]
53	[]
54	[21, 22, 23, 24, 25, 26, 99, 100, 101, 102, 103]
55	[13, 14, 15, 16, 17, 18, 19, 20]
56	[92, 93, 94, 95, 96, 97]
57	[115, 116, 117, 118, 119]
58	[4, 5, 6, 7, 8, 9, 10, 11, 12, 13, 14, 15, 16, 17, 18, 19, 20, 21, 22, 23, 24, 25, 26, 27, 28, 29, 30, 31, 32, 33]
59	[67, 68, 69, 70, 71]
60	[214, 215, 216, 217, 218, 219, 220, 221, 222, 223, 229, 230, 231, 232, 233, 234]
61	[118, 119, 120, 121, 122, 123]
62	[136, 137, 138, 139, 140]
63	[59, 60, 61, 62, 63]
64	[28, 29, 30, 31]
65	[564, 565, 566, 567, 568, 569, 570, 571, 572, 573, 574, 575, 576, 577, 578, 579, 580, 581]
66	[74, 75, 76, 77, 78, 79, 80, 81, 82, 83, 84]
67	[16, 17, 18, 19, 20, 21]
68	[14, 15, 16, 17, 18]
69	[]
70	[10, 11, 12, 13, 128, 129, 130, 131]
71	[18, 19, 20, 21, 22, 23, 24]
72	[22, 23, 24, 25, 26, 27]
73	[65, 66, 67, 68, 69, 70, 71, 72, 73, 74, 75, 76, 77]
74	[16, 17, 18, 19, 41, 42, 43, 44, 45]
75	[58, 59, 60, 61, 62, 63, 64]
76	[57, 58, 59, 60]
77	[58, 59, 60, 61, 71, 72, 73, 74, 75]
78	[14, 15, 16, 17, 18, 59, 60, 61, 62, 63, 64, 69, 70, 71, 72, 73, 74, 75, 76, 77, 78, 79, 80, 81]
79	[0, 1, 2, 3, 4, 5, 13, 14, 15, 16, 17, 18]
80	[15, 16, 17, 18, 129, 130, 131, 132, 133]
81	[]
82	[72, 73, 74, 75, 76, 77]
83	[11, 12, 13, 14, 15, 16]
84	[5, 6, 7, 8, 9, 10, 11, 12, 13, 14]
85	[0, 1, 2, 3, 4, 5, 6, 7]
86	[80, 81, 82, 83, 84, 85, 86, 87, 88, 89, 176, 177, 178, 179, 180]
87	[]
88	[119, 120, 121, 122, 123, 124, 637, 638, 639, 640, 641, 862, 863, 864, 865, 866, 867, 868, 869, 870, 871]
89	[125, 126, 127, 128, 129, 130, 131, 132, 133, 134, 135, 136, 137]
90	[38, 39, 40, 41, 42, 43]
91	[245, 246, 247, 248, 249]
92	[84, 85, 86, 87, 88, 89]
93	[]
94	[12, 13, 14, 15, 16, 17, 18, 19, 20, 21, 22, 23, 24, 25, 26, 27, 28, 639, 640, 641, 642]
95	[26, 27, 28, 29, 30, 31, 32, 33, 34, 35, 36, 37, 38, 39, 40, 95, 96, 97, 98, 99, 100, 101, 102, 103, 104]
96	[18, 19, 20, 21, 22, 23, 24, 25, 26, 27, 28]
97	[83, 84, 85, 86, 87, 88, 89, 90, 91, 92, 93, 94, 183, 184, 185, 186, 187, 188, 189, 190, 191, 192, 193, 194, 195, 196, 197, 198, 199, 200, 201, 202, 203, 204, 205, 236, 237, 238, 239, 240, 241, 242, 243, 244, 245, 246, 247, 248, 249]
98	[13, 14, 15, 16, 17]
99	[8, 9, 10, 11, 12, 13, 14, 15]
100	[6, 7, 8, 9, 10]
101	[33, 34, 35, 36]
102	[74, 75, 76, 77, 78, 79, 80, 89, 90, 91, 92, 93, 94, 95, 96, 97, 98, 99, 100, 101, 102, 103, 104, 105, 106, 107]
103	[152, 153, 154, 155, 156, 157, 162, 163, 164, 165, 166, 167, 172, 173, 174, 175, 176, 177]
104	[67, 68, 69, 70, 71]
105	[]
106	[0, 1, 2, 3, 4, 5, 6, 7, 127, 128, 129, 130, 131, 132]
107	[268, 269, 270, 271, 272, 273, 274, 275, 276, 277, 278, 279, 280, 281, 282]
108	[314, 315, 316, 317, 318, 319]
109	[77, 78, 79, 80, 81]
110	[263, 264, 265, 266, 267]
111	[0, 1, 2, 3, 4, 5, 6, 7, 23, 24, 25, 26, 27, 28, 29, 30]
112	[7, 8, 9, 10, 11, 12, 13, 14]
113	[0, 1, 2, 3, 4, 5, 6]
114	[13, 14, 15, 16, 17, 18]
115	[14, 15, 16, 17, 18, 19]
116	[120, 121, 122, 123, 124, 125, 126, 350, 351, 352, 353, 354, 355, 356, 357, 358, 359, 360, 361, 396, 397, 398, 399, 400, 401, 402, 403, 404, 405, 406, 407, 408, 409, 410, 411, 412, 413, 414, 415, 416, 417, 418, 419, 420, 421, 422, 423, 424, 425, 426]
117	[21, 22, 23, 24, 25, 28, 29, 30, 31, 32, 35, 36, 37, 38, 39, 40, 43, 44, 45, 46, 47]
118	[0, 1, 2, 3, 4, 5, 6, 7, 8, 9, 10]
119	[128, 129, 130, 131, 132]
120	[0, 1, 2, 3, 4, 5, 6, 7, 8, 9, 10, 11, 12, 13, 14, 15, 16, 17, 18, 19, 20, 21, 22]
121	[58, 59, 60, 61, 62, 63]
122	[]
123	[510, 511, 512, 513]
124	[0, 1, 2, 3, 4, 5, 6, 7, 8, 9, 10, 11, 12, 13, 14]
125	[]
126	[191, 192, 193, 194, 195, 196]
127	[6, 7, 8, 9, 10, 11, 12, 13, 18, 19, 20, 21]
128	[7, 8, 9, 10, 11, 51, 52, 53, 54, 55, 56]
129	[41, 42, 43, 44, 45, 46, 47, 48, 54, 55, 56, 57]
130	[30, 31, 32, 33, 34, 35, 36, 37, 38]
131	[30, 31, 32, 33, 34, 35, 36]
132	[10, 11, 12, 13, 14, 53, 54, 55, 56, 57, 58, 59, 60]
133	[19, 20, 21, 22, 23, 24, 25, 26, 27]
134	[259, 260, 261, 262, 263]
135	[37, 38, 39, 40, 41, 42]
136	[124, 125, 126, 127, 128, 129]
137	[]
138	[]
139	[29, 30, 31, 32, 33, 34, 35, 36, 37, 38, 39, 40, 41, 42, 43, 44, 45, 46, 47, 48, 49, 50, 51]
140	[8, 9, 10, 11, 12, 13, 15, 16, 17, 18, 23, 24, 25, 26, 27, 28]
141	[380, 381, 382, 383, 384, 385, 386, 387, 388, 389, 390, 391, 392, 393, 394, 395, 396, 397, 398, 399, 400, 401, 402, 403, 404, 405, 406, 407, 408, 409, 410, 411, 412, 413, 414, 415, 416, 417, 418, 419, 420, 421, 422, 423, 424, 425, 426, 427, 428, 429, 430, 431, 432, 433, 434, 435, 436, 437, 438, 439, 440, 441, 442, 443, 444, 445, 446]
142	[85, 86, 87, 88, 89, 90, 141, 142, 143, 144, 145]
143	[34, 35, 36, 37, 38, 39]
144	[12, 13, 14, 15, 16]
145	[11, 12, 13, 14, 15, 16]
146	[64, 65, 66, 67, 68, 69, 70, 71, 72]
147	[14, 15, 16, 17, 18, 19]
148	[0, 1, 2, 3, 4, 5, 6, 7]
149	[1, 2, 3, 4, 5, 6, 7, 8, 9, 64, 65, 66, 67, 68]
150	[]
151	[14, 15, 16, 17, 52, 53, 54, 55, 56, 57, 58, 59, 60, 61, 62, 63, 64, 65, 66, 67, 68, 69, 70, 71, 72, 73, 74, 75, 76, 77, 78, 79, 80, 81, 82, 83, 84, 85, 86, 87, 88, 89, 90, 91, 92, 93, 94, 95, 96, 97, 98, 99, 100, 101]
152	[40, 41, 42, 43, 85, 86, 87, 88, 89, 90, 91, 92, 93, 94, 95]
153	[23, 24, 25, 26, 27, 28, 158, 159, 160, 161, 162, 163, 164, 165, 439, 440, 441, 442, 443, 444, 445, 446, 447, 448, 449, 450, 451, 452, 453, 454]
154	[23, 24, 25, 26, 150, 151, 152, 153, 154]
155	[71, 72, 73, 74, 75]
156	[96, 97, 98, 99]
157	[46, 47, 48, 49, 57, 58, 59, 60, 61, 62, 63, 64, 65, 66]
158	[843, 844, 845, 846, 847, 848]
159	[51, 52, 53, 54, 55, 56, 57, 58, 59, 60, 61, 62, 63, 64, 65, 66, 67, 68, 69, 70, 71, 72, 73, 74, 75, 76, 77]
160	[111, 112, 113, 114, 115, 116]
161	[59, 60, 61, 62, 63, 64, 65, 66, 67, 68, 69, 70, 71]
162	[11, 12, 13, 14]
163	[3, 4, 5, 6, 203, 204, 205, 206, 207]
164	[85, 86, 87, 88, 89]
165	[275, 276, 277, 278, 279, 280, 282, 283, 284, 285, 286, 287, 288, 420, 421, 422, 423, 424, 425, 426, 427, 428, 429, 430, 431, 432, 433, 434]
166	[151, 152, 153, 154, 155, 156, 157, 158, 159, 160, 161, 162, 163, 164, 165, 166, 216, 217, 218, 219]
167	[16, 17, 18, 19, 20]
168	[68, 69, 70, 71, 72, 73, 74, 75, 76, 482, 483, 484, 485, 486, 487, 488, 489, 490, 491, 492, 493, 494, 495, 496]
169	[116, 117, 118, 119, 120, 121, 122, 123]
170	[7, 8, 9, 10]
171	[7, 8, 9, 10, 11, 12, 13, 14, 15, 16, 98, 99, 100, 101, 102, 103]
172	[46, 47, 48, 49, 50, 51, 52, 377, 378, 379, 380, 381, 382, 383, 384, 385, 386, 387, 388, 389, 390, 391, 392, 393, 394, 395, 396, 397, 398, 399, 400]
173	[50, 51, 52, 53, 54, 55, 56, 57]
174	[22, 23, 24, 25, 26, 27, 28, 29, 30, 31, 32, 33, 34, 35, 36, 37]
175	[189, 190, 191, 192]
176	[35, 36, 37, 38]
177	[100, 101, 102, 103, 104, 105, 226, 227, 228, 229, 230, 231]
178	[0, 1, 2, 3, 4, 5]
179	[36, 37, 38, 39, 40, 41]
180	[1, 2, 3, 4, 5, 6, 7, 8, 9, 10, 11, 12, 13, 14, 15, 16, 17, 18, 19, 20, 21, 22, 23, 24, 25, 26, 27, 28, 29, 30, 31, 32, 33, 34, 35, 36, 37, 38, 39, 40, 41, 42, 43, 44, 45, 46, 47, 48, 49, 50, 51, 52, 53, 54, 55, 56, 57]
181	[18, 19, 20, 21, 22, 23]
182	[14, 15, 16, 17, 18]
183	[32, 33, 34, 35, 36, 37, 38, 39, 40, 41, 42, 43, 44, 45, 116, 117, 118, 119, 120, 121]
184	[66, 67, 68, 69, 70]
185	[]
186	[273, 274, 275, 276, 277]
187	[89, 90, 91, 92, 93]
188	[19, 20, 21, 22, 23, 24, 25, 26]
189	[11, 12, 13, 14]
190	[0, 1, 2, 3, 4]
191	[273, 274, 275, 276, 277, 278, 279, 280, 281, 282, 283, 284, 285, 286, 287, 288, 289, 290, 291, 292, 293]
192	[162, 163, 164, 165, 166, 167, 168, 169, 170, 171, 172, 173, 174, 175, 176, 188, 189, 190, 191, 192, 193]
193	[20, 21, 22, 23, 24, 25, 26, 27, 28, 29, 30, 31, 32, 33, 34, 35, 36, 37, 38, 39, 40, 41, 42, 43, 44, 45]
194	[114, 115, 116, 117]
195	[19, 20, 21, 22, 23, 24, 25]
196	[175, 176, 177, 178, 179]
197	[38, 39, 40, 41, 42, 43, 44, 45, 61, 62, 63, 64, 67, 68, 69, 70, 71, 72, 73, 74, 75, 76, 77]
198	[21, 22, 23, 24, 25, 26, 27, 28, 29, 30, 31, 32, 33, 34]
199	[]
200	[9, 10, 11, 12, 54, 55, 56, 57, 58, 59, 199, 200, 201, 202, 203, 218, 219, 220, 221, 222, 223, 224, 225]
201	[0, 1, 2, 3, 4, 5, 6, 7, 8, 9, 10, 11, 12, 13]
202	[98, 99, 100, 101, 102, 103, 372, 373, 374, 375, 376, 377, 378, 379, 380, 381, 382, 383, 384, 385, 386]
203	[85, 86, 87, 88, 89]
204	[61, 62, 63, 64, 65, 66, 67, 68, 69, 70, 71, 72, 73, 74, 75, 76, 77, 78, 79, 80, 81, 82, 83]
205	[59, 60, 61, 62, 63, 64, 65, 66]
206	[10, 11, 12, 13, 49, 50, 51, 52, 53, 54, 55, 56, 57]
207	[342, 343, 344, 345, 346, 347, 348]
208	[41, 42, 43, 44, 45, 46]
209	[17, 18, 19, 20]
210	[65, 66, 67, 68, 69, 94, 95, 96, 97, 98]
211	[58, 59, 60, 61, 62, 63, 64, 65, 66, 67, 68, 69, 70, 71, 72]
212	[18, 19, 20, 21, 29, 30, 31, 32, 33, 34, 35, 36, 37, 489, 490, 491, 492, 493, 494, 495, 496, 497, 498]
213	[24, 25, 26, 27, 28, 543, 544, 545, 546, 547, 548]
214	[101, 102, 103, 104, 105, 106, 107]
215	[148, 149, 150, 151, 152, 153, 154, 155, 156, 157]
216	[26, 27, 28, 29, 30, 31]
217	[149, 150, 151, 152, 153, 154, 155, 156, 157]
218	[305, 306, 307, 308, 309]
219	[]
220	[147, 148, 149, 150, 151, 152, 153, 154, 155, 156, 157, 158, 159, 160, 161, 162, 163, 164, 165, 641, 642, 643, 644, 645, 646, 647, 648, 649, 650, 651, 703, 704, 705, 706, 707, 708, 709, 710, 711, 712, 713, 714, 715, 716, 717, 718, 719, 720, 721, 722, 723, 724, 725, 726, 727, 728, 729, 730, 731, 732, 733, 734, 735, 736, 737, 738, 739, 740, 741, 742, 743, 744, 745, 746]
221	[6, 7, 8, 9, 10, 11, 12]
222	[19, 20, 21, 22]
223	[25, 26, 27, 28, 39, 40, 41, 42, 43, 44]
224	[0, 1, 2, 3, 4]
225	[1, 2, 3, 4, 5, 6, 7, 8, 9]
226	[0, 1, 2, 3, 4, 5, 6, 7, 8, 9]
227	[0, 1, 2, 3, 4, 5]
228	[]
229	[33, 34, 35, 36, 37]
230	[276, 277, 278, 279, 280, 281, 282]
231	[0, 1, 2, 3, 4, 5, 6, 7, 8, 9, 10, 11, 12, 13, 14, 15, 16, 17, 18, 19, 20, 21, 22, 23, 24, 25, 26, 27, 28, 29, 30, 31, 32, 33, 34, 35, 36, 37, 38, 39, 40, 41, 42, 43, 44, 45, 46, 47, 48, 49, 50, 51, 52, 53, 195, 196, 197, 198, 199, 200, 201, 202, 203, 204, 205, 206, 207]
232	[291, 292, 293, 294]
233	[28, 29, 30, 31, 32, 180, 181, 182, 183, 184, 185, 186, 187]
234	[0, 1, 2, 3, 4, 5, 6, 7, 8, 9, 10, 11, 12, 13, 14, 15, 16, 17, 18, 19, 20, 21, 22, 23, 24, 25, 26, 27, 28, 29, 30, 31, 32, 33, 34, 35, 36, 37, 38, 39, 40, 41, 42, 43, 44, 45, 46, 47, 48, 49, 50, 51, 52, 53, 56, 57, 58, 59, 60, 61, 62, 63, 64, 65, 66, 67, 68, 69, 70, 71, 72, 73, 74, 75, 76, 77, 78, 79, 80, 81, 82, 83, 84, 85, 86, 87, 88, 89, 90, 91, 92, 93, 94, 95, 96, 97, 98, 99, 100]
235	[86, 87, 88, 89, 90, 91, 92, 135, 136, 137, 138, 139, 140, 141, 142, 143, 144, 145, 146, 147, 148, 149, 150, 151, 152, 153, 154, 155, 156, 157]
236	[4, 5, 6, 7, 8]
237	[216, 217, 218, 219, 220]
238	[13, 14, 15, 16, 17]
239	[0, 1, 2, 3, 4]
240	[4, 5, 6, 7, 8, 61, 62, 63, 64, 101, 102, 103, 104, 105]
241	[78, 79, 80, 81, 82, 83]
242	[26, 27, 28, 29, 30]
243	[128, 129, 130, 131, 132, 133, 134, 135]
244	[125, 126, 127, 128, 129, 130, 131, 132, 133, 134, 135, 136, 137, 138]
245	[11, 12, 13, 14, 15, 16, 17, 18]
246	[13, 14, 15, 16, 17, 18, 19, 20]
247	[11, 12, 13, 14, 15, 16, 17, 18, 19, 20, 21, 22, 23, 24, 25, 26, 27, 28, 29, 30, 31, 32, 33, 34, 35, 36, 37, 38, 39, 56, 57, 58, 59]
248	[62, 63, 64, 65, 66]
249	[16, 17, 18, 19, 20, 21, 22, 23, 24, 25, 26, 27, 28]
250	[0, 1, 2, 3, 4, 5, 6, 7, 8, 9, 10, 16, 17, 18, 19, 20, 21, 22, 23, 24, 25]
251	[41, 42, 43, 44, 45, 46, 121, 122, 123, 124]
252	[37, 38, 39, 40, 41, 42]
253	[69, 70, 71, 72, 73, 74, 88, 89, 90, 91, 92, 93]
254	[24, 25, 26, 27, 28, 29, 30, 31, 32]
255	[0, 1, 2, 3, 4, 5, 6, 7, 8, 9, 10, 11, 12, 13, 14, 15, 16, 17, 18, 19, 20, 21, 22, 23, 24, 25, 26, 27, 28]
256	[60, 61, 62, 63, 64, 65]
257	[]
258	[41, 42, 43, 44, 45, 46, 47, 48, 49, 50, 51, 52, 53, 54, 62, 63, 64, 65, 66, 67, 68, 69, 70, 71, 72, 73, 74, 75, 76, 77, 78, 79, 80, 81, 82, 83, 84, 85, 86, 87, 88, 89, 127, 128, 129, 130, 131, 132, 133, 134, 135, 136, 137, 138, 139, 140, 141, 142, 143, 144, 145, 146, 147, 148, 149, 150, 151, 152, 153, 154, 155, 156, 157, 158, 159, 160, 161, 162]
259	[31, 32, 33, 34, 35, 36, 37, 38, 39, 40, 41, 42, 43, 44, 45, 46, 47, 48, 49, 50, 51, 52, 53, 54, 55, 56, 57, 58, 59, 60, 61, 62, 63, 64, 65, 66]
260	[4, 5, 6, 7, 8, 9, 10, 11, 12, 13, 33, 34, 35, 36, 37, 38, 39, 40, 41, 42, 235, 236, 237, 238, 239, 240, 241, 242, 243, 244, 251, 252, 253, 254, 255, 256]
261	[49, 50, 51, 52, 53, 54, 55, 56, 57, 58, 59, 60, 61, 62, 63, 64, 65, 66, 67, 68, 69, 70, 71, 72, 73, 74, 75, 76, 77, 78, 79, 80, 81, 82, 83, 84, 85, 86, 87, 88, 89, 90, 91, 92, 93]
262	[149, 150, 151, 152, 153, 154, 155, 156, 157, 158, 159, 160, 168, 169, 170, 171, 172, 173, 174, 175, 176, 177]
263	[387, 388, 389, 390, 391, 392, 393]
264	[117, 118, 119, 120, 121, 122, 123, 124, 125, 126]
265	[17, 18, 19, 20, 21, 22, 23, 24, 27, 28, 29, 30, 31, 32, 33]
266	[]
267	[108, 109, 110, 111, 112, 113, 114, 115, 116]
268	[4, 5, 6, 7]
269	[62, 63, 64, 65, 66, 67]
270	[286, 287, 288, 289, 290, 291]
271	[36, 37, 38, 39, 40, 41, 42, 154, 155, 156, 159, 160, 161, 162]
272	[124, 125, 126, 127, 147, 148, 149, 150]
273	[4, 5, 6, 7, 8, 9, 10, 76, 77, 78, 79, 80, 81, 82, 83, 84, 325, 326, 327, 328, 329, 330, 331]
274	[0, 1, 2, 3, 4, 5, 6, 7, 8, 9, 10, 11, 12, 24, 25, 26, 27]
275	[0, 1, 2, 3, 4, 5, 6, 7, 8, 9, 10, 11, 12, 13, 14, 15, 16, 17, 18, 19, 20, 21, 22, 23, 24, 68, 69, 70, 71, 72, 73, 74, 75, 76, 77, 78, 79, 80, 81, 82, 83, 84, 85, 86, 87, 88, 89, 90, 91, 92, 93, 94, 95, 96, 97, 98, 99, 100, 101, 102, 103, 104, 105, 106, 107, 108, 109, 110, 111, 112, 113, 114, 115, 116, 117, 118, 119, 120, 121]
276	[0, 1, 2, 3, 4]
277	[32, 33, 34, 35, 39, 40, 41, 42, 138, 139, 140, 141, 142, 143]
278	[0, 1, 2, 3, 4, 5, 150, 151, 152, 153, 154, 155, 249, 250, 251, 252, 253, 254]
279	[375, 376, 377, 378, 379, 380, 423, 424, 425, 426, 427, 428]
280	[13, 14, 15, 16, 17]
281	[19, 20, 21, 22, 23, 53, 54, 55, 56, 68, 69, 70, 71]
282	[12, 13, 14, 15, 16, 17, 18, 19, 20]
283	[481, 482, 483, 484, 485, 486]
284	[85, 86, 87, 88, 89]
285	[87, 88, 89, 90, 91, 92, 93, 94, 95, 96]
286	[27, 28, 29, 30, 31, 32]
287	[14, 15, 16, 17, 18]
288	[0, 1, 2, 3, 4, 5, 6, 7, 9, 10, 11, 12, 13, 14, 15, 16, 17, 18, 19]
289	[16, 17, 18, 19]
290	[0, 1, 2, 3, 4, 5, 43, 44, 45, 46]
291	[17, 18, 19, 20, 21, 22, 23, 24]
292	[76, 77, 78, 79, 80, 81, 82, 83, 89, 90, 91, 92, 93, 94, 95]
293	[96, 97, 98, 99, 100, 105, 106, 107, 108, 109, 110]
294	[323, 324, 325, 326, 327, 328, 329, 330]
295	[0, 1, 2, 3, 4, 5, 6, 7, 8, 9, 10, 11, 12, 13, 14, 15, 16, 17, 18, 19, 20, 21, 22, 23, 24, 25, 26, 27, 28]
296	[85, 86, 87, 88, 89, 90, 91, 92, 93, 94, 95, 96, 97, 98, 99, 100, 101, 107, 108, 109, 110, 111, 112, 113, 114, 115, 116, 117, 118, 119, 120, 121, 122, 123, 124, 125, 126, 127, 128, 129, 130, 131]
297	[0, 1, 2, 3, 4, 5, 6, 7, 8, 9, 10, 11, 12, 13, 14, 15, 16, 17, 18, 19, 20, 21, 22, 23, 24, 25, 26, 27, 28, 29, 30, 31, 32, 33, 34, 35, 36, 37, 38, 39, 40, 41, 42, 43, 44, 45, 46, 47, 48, 49, 50, 51, 52, 53, 54, 55, 56, 57, 58, 59, 60, 61, 62, 63, 64, 65, 66, 67, 68, 69, 70, 71, 72, 73, 74, 75, 76, 77, 78, 79, 80, 81, 82, 83, 84, 85, 86, 87, 88, 89, 90, 91, 92, 93, 94, 95, 96, 97, 98, 99, 100, 101, 102, 103, 104, 105, 106, 107, 108, 109, 110, 111, 112, 113, 114, 115, 116, 117, 118, 119, 120, 121, 122, 123, 124, 125, 126, 127, 128, 129, 130, 131, 132, 133, 134, 135, 136, 137, 138, 139, 140, 141, 142, 143, 144, 145, 146, 147, 148, 149, 150, 151, 152, 153, 154, 155, 156, 157, 158, 159, 160, 161, 162, 163, 164, 165, 166, 167, 168, 169, 170, 171, 172, 173, 174, 175, 176, 177, 178, 179, 180, 181, 182, 183, 184, 185, 186, 187, 188, 189, 190, 191, 192, 193, 194, 195, 196, 197, 198, 199, 200, 201, 202, 203, 204, 205, 206, 207, 208, 209, 210, 211, 212, 213, 214, 215, 216, 217, 218, 219, 220, 221, 222, 223, 224, 225, 226, 227, 228, 229, 230, 231, 232, 233, 234, 235, 236, 237, 238, 239, 240, 241, 242, 243, 244, 245, 246, 247, 248, 249, 250, 251, 252, 253, 254, 255, 256, 257, 258, 259, 260, 261, 262, 263, 264, 265, 266, 267, 268, 269, 270, 271, 272, 273, 274, 275, 276, 277, 278, 279, 280, 281, 282, 283, 284, 285, 286, 287, 288, 289, 290, 291, 292, 293, 294, 295, 296, 297, 298, 299, 300, 301, 302, 303, 304, 305, 306, 307, 308, 309, 310, 311, 312, 313, 314, 315, 316, 317, 318, 319, 320, 321, 322, 323, 324, 325, 326, 327, 328, 329, 330, 331, 332, 333, 334, 335, 336, 337, 338, 339, 340, 341, 342, 343, 344, 345, 346, 347, 348, 349]
298	[19, 20, 21, 22, 23, 24, 25]
299	[80, 81, 82, 83, 84, 85, 446, 447, 448, 449, 450, 451, 452, 453, 454, 455, 456, 457]
300	[0, 1, 2, 3, 4, 5, 6, 7, 8]
301	[9, 10, 11, 12, 13, 14]
302	[25, 26, 27, 28, 29, 30, 31, 32, 33, 34, 35, 36, 37, 38, 39, 40, 41, 73, 74, 75, 76, 77, 78, 79, 80]
303	[93, 94, 95, 96]
304	[71, 72, 73, 74, 75, 76, 77]
305	[18, 19, 20, 21, 22, 23, 24, 25, 232, 233, 234, 235, 236, 237, 238, 239]
306	[10, 11, 12, 13, 14, 15]
307	[72, 73, 74, 75, 133, 134, 135, 136, 137, 138, 139, 140]
308	[5, 6, 7, 8, 9, 10, 11, 12, 13, 14, 15, 232, 233, 234, 235, 236]
309	[118, 119, 120, 121, 122, 123]
310	[55, 56, 91, 92, 93, 94, 95, 96, 97, 98, 206, 207, 208, 209, 210]
311	[157, 158, 159, 160, 161, 162, 163, 164, 165, 166, 167, 168, 169, 170, 171, 172]
312	[232, 233, 234, 235, 236, 237]
313	[1, 2, 3, 4, 5, 6, 7, 8, 9, 10, 11, 12, 13, 264, 265, 266, 267, 268, 269, 270, 271, 272, 273, 274, 275, 276, 277, 278, 279, 280, 281, 282, 283, 284, 285, 286, 287, 288, 289]
314	[271, 272, 273, 274, 275, 276, 277, 278, 279]
315	[205, 206, 207, 208, 209, 210, 474, 475, 476, 477, 478, 479, 480]
316	[5, 6, 7, 23, 24, 25, 26, 27, 28, 29]
317	[38, 39, 40, 41]
318	[0, 1, 2, 3, 22, 23, 24, 25, 26, 27, 28, 29, 30, 31]
319	[]
320	[0, 1, 2, 3, 4, 5, 6, 7, 8, 9, 10, 11, 12, 13, 14, 15, 16, 17, 18, 19, 20, 21, 22, 23, 24, 25, 26, 27, 28, 29, 30, 31, 32, 33, 34, 35, 36, 37, 38, 39, 443, 444, 445, 446, 447, 448]
321	[204, 205, 206, 207, 208, 209, 210, 211, 212]
322	[0, 1, 2, 3, 4, 5]
323	[32, 33, 34, 35, 36, 37, 38]
324	[13, 14, 15, 16, 17, 992, 993, 994, 995, 996]
325	[21, 22, 23, 24, 25, 26, 27]
326	[132, 133, 134, 135, 136, 137]
327	[453, 454, 455, 456, 457, 458]
328	[]
329	[109, 110, 111, 112, 113, 114]
330	[133, 134, 135, 136, 137, 138, 139]
331	[0, 1, 2, 3, 4, 5, 6, 17, 18, 19, 20, 21]
332	[7, 8, 9, 159, 160, 161, 162, 163, 164, 165, 166]
333	[400, 401, 402, 403, 404, 405, 406, 407, 408, 409, 410, 411, 412, 413, 414]
334	[217, 218, 219, 220, 221, 222, 228, 229, 230, 231, 232, 233]
335	[87, 88, 89, 90]
336	[468, 469, 470, 471, 472, 473, 474, 475, 544, 545, 546, 547, 548, 549, 550, 551, 552, 553, 967, 968, 969, 970]
337	[117, 118, 119, 120, 121, 122, 123, 124, 125, 126, 127, 128, 129]
338	[25, 26, 27, 28, 29, 30, 31]
339	[17, 18, 19, 20, 21, 22, 167, 168, 169, 170, 171, 349, 350, 351, 352, 353, 354, 355]
340	[41, 42, 43, 44, 45, 46, 47, 88, 89, 90, 91, 92, 93, 94, 95]
341	[]
342	[35, 36, 37, 38, 39, 40]
343	[88, 89, 90, 91, 92, 93]
344	[0, 1, 2, 3, 4, 5, 111, 112, 113, 114, 115, 116, 117]
345	[27, 28, 29, 30, 31]
346	[23, 24, 25, 26, 27, 28, 29]
347	[0, 1, 2, 3, 4, 5, 6, 7, 8, 9, 10, 11, 12, 13, 14, 15, 16, 17, 18, 19, 20, 21, 22, 23, 24, 25, 26, 27, 28, 29, 30, 31, 32, 33, 34, 35, 36, 37, 38, 39, 40, 41, 42, 43, 44, 45, 46, 47, 48, 49, 50, 51, 52, 53, 54, 55, 56, 57, 58, 59, 60, 61, 62, 63, 64, 65, 66, 67, 68, 69, 70, 71, 72, 73, 74, 75, 76, 77, 78, 79, 80, 81, 82, 83, 84, 85, 86, 87, 88, 89, 90, 91, 92, 93, 94, 95, 96, 97, 98, 99, 100, 101, 102, 103, 104, 105, 106, 107, 108]
348	[29, 30, 31]
349	[55, 56, 57, 58, 59, 60]
350	[]
351	[0, 1, 2, 3, 4, 5, 6, 7, 8, 9, 10, 11, 12, 13, 14, 15, 16, 17, 18, 19, 20, 21, 22, 23, 24, 25, 26, 27, 28, 29]
352	[26, 27, 28, 29, 30, 31, 70, 71, 72, 73, 74, 75]
353	[70, 71, 72, 73]
354	[187, 188, 189, 190, 191, 192, 193, 194, 195, 196, 197, 198, 199, 200, 201, 202, 203, 204, 205, 206, 207, 208, 209, 210, 211, 212, 213, 214, 215, 216, 217, 218, 219, 220, 221, 222, 223, 224, 225, 226, 227, 228, 413, 414, 415, 416, 417, 418, 419, 420, 421, 422]
355	[14, 15, 16, 17, 18, 19, 20, 21, 22, 23, 24, 25, 26, 27, 28, 29, 30, 31, 32, 33, 34, 35, 36, 37, 38, 39, 40, 41, 42, 43, 44, 45, 89, 90, 91, 92, 93, 94, 95, 96, 97, 98, 99, 210, 211, 212, 213, 214, 215, 216, 217, 218, 219, 220, 221, 222, 223, 224, 225, 226, 227, 228, 229, 230, 231, 297, 298, 299, 300, 301, 302, 303, 304, 305, 306, 307, 308, 309, 310, 311, 312, 313, 314, 315, 316, 317, 318, 319, 320, 321, 322, 323, 324, 325, 410, 411, 412, 413, 414, 415, 416, 417, 418, 419, 420, 421, 422, 423, 424, 425, 426, 427, 428, 429, 430, 431, 432, 433, 434, 435, 436, 437, 438, 439, 440, 441, 442, 443, 445, 446, 447, 448, 449, 450, 451, 452, 453, 454, 455, 456, 457, 458, 459, 460, 461, 462, 463, 464, 465, 466, 467, 468, 469]
356	[19, 20, 21, 22, 23, 24, 25, 26, 27, 28, 29, 30, 31, 32, 33, 34, 35, 36, 37, 38, 39, 40, 41, 42, 43, 44, 45, 46, 47, 48, 49, 50, 51, 52, 53]
357	[69, 70, 71, 72, 73, 74, 75, 76, 77, 121, 122, 123, 124, 125, 126, 127, 129, 130, 131, 132, 133, 134]
358	[2, 3, 4, 5, 6, 7, 8, 9, 10, 11, 12, 13, 14, 15, 16]
359	[0, 1, 2, 3, 4, 5, 6, 7, 8, 9, 10]
360	[36, 37, 38, 39, 40, 41, 42, 43, 44, 142, 143, 144, 145, 146, 147]
361	[56, 57, 58, 59, 60, 61]
362	[227, 228, 229, 230, 231, 232, 233]
363	[14, 15, 16, 17, 18, 19]
364	[54, 55, 56, 57, 58]
365	[53, 54, 55, 56, 57]
366	[11, 12, 13, 14, 15, 16, 17, 18, 19, 20, 28, 29, 30, 31, 32, 33, 34, 35, 36]
367	[60, 61, 62, 63, 64, 65]
368	[385, 386, 387, 388, 389, 390, 391, 392, 393, 394, 395]
369	[46, 47, 48, 49, 50, 51, 52, 53, 54, 55]
370	[22, 23, 24, 25, 26, 27, 28, 29, 30, 31, 32, 33]
371	[44, 45, 46, 47, 48, 49, 61, 62, 63, 64, 65, 66, 67, 68, 69, 70, 71, 72, 73, 74, 75, 76, 77, 78, 79, 80, 81, 82, 83, 84, 85]
372	[8, 9, 10, 11]
373	[30, 31, 32, 33, 34, 35, 36, 37, 38, 39]
374	[0, 1, 2, 3, 4, 5, 6, 7, 8, 9, 10, 11, 12, 13, 14, 15, 16, 17, 18, 19, 20, 21, 22, 23, 24, 25, 26, 27, 28, 29, 30, 31, 32, 33, 34, 35, 36, 37, 38, 39, 40, 41]
375	[12, 13, 14, 15]
376	[0, 1, 2, 3, 4, 5, 6, 7, 8, 9, 10, 11, 12, 13, 14, 15, 16, 17, 18, 19, 20, 21, 22, 23, 24, 25, 26, 27, 28, 29, 30, 31]
377	[154, 155, 156, 157, 158, 159]
378	[29, 30, 31, 32, 33, 34, 35, 36, 37, 38, 78, 79, 80, 81, 82, 83, 84, 85, 86, 87, 88, 89, 90, 91, 92, 93, 94, 95, 96, 97, 98, 99, 100, 101, 102, 103, 104, 105, 106, 107, 108, 109, 110, 111, 112, 113, 114, 115, 116, 117, 118]
379	[]
380	[0, 1, 2, 3, 7, 8, 9, 10, 11, 12, 13, 14, 15, 16]
381	[98, 99, 100, 101, 102, 103, 104]
382	[15, 16, 17, 18, 19, 72, 73, 74, 75, 76, 77, 78, 79, 80, 81, 82, 83, 84, 85, 86, 87, 88, 89, 90, 91, 92, 93, 94, 95, 96, 97, 98, 99, 100, 101, 102, 103, 104, 105, 106, 107, 108, 109, 110, 111, 112, 113, 114, 115, 116]
383	[143, 144, 145, 146, 147, 148]
384	[57, 58, 59, 60, 61, 62]
385	[42, 43, 44, 45, 46]
386	[16, 17, 18, 19, 20, 21, 22, 23, 24, 25, 26, 27, 28, 29, 30, 31, 32, 33, 907, 908, 909, 910, 911, 912]
387	[36, 37, 38, 39, 60, 61, 62]
388	[0, 1, 2, 3, 4, 5, 6, 7, 8, 9, 10, 11, 12, 13]
389	[46, 47, 48, 49]
390	[31, 32, 33, 34, 35, 36, 38, 39, 40, 41, 42, 43, 76, 77, 78, 79, 80, 81, 82, 83, 84, 199, 200, 201, 202, 203, 204, 244, 245, 246, 247]
391	[9, 10, 11, 12, 13, 14, 15, 16, 17, 18]
392	[226, 227, 228, 229, 230, 231, 232, 233, 345, 346, 347, 348, 349, 350, 351, 352]
393	[0, 1, 2, 3, 4, 5, 6, 7, 8, 9, 10, 11, 12, 13, 93, 94, 95, 96, 97, 98]
394	[215, 216, 217, 218, 219]
395	[40, 41, 42, 43, 44, 45, 46, 47, 48]
396	[27, 28, 29, 30, 31, 32, 33, 34, 35, 36, 37, 38, 231, 232, 233, 234, 235, 236, 237, 238, 239, 240, 241, 242]
397	[18, 19, 20, 21, 22, 23, 24, 25, 26, 27, 28, 29, 30]
398	[32, 33, 34, 35, 36, 37, 38, 39, 40, 41]
399	[183, 184, 185, 186, 187, 188, 189, 190, 191, 192, 193, 194, 195, 196, 197, 198, 199, 200, 201, 202]
400	[8, 9, 10, 11, 12, 13, 14, 15]
401	[87, 88, 89, 90, 91, 92, 93]
402	[26, 27, 28, 29, 30, 31, 50, 51, 52, 53, 54, 55, 56, 57, 58, 59, 60, 61, 62, 63, 64, 65, 66, 67, 68, 69, 70, 71, 72, 73, 74]
403	[16, 17, 18, 19, 20]
404	[10, 11, 12, 13, 14, 15, 16, 17, 24, 25, 26, 27, 28, 29]
405	[5, 6, 7, 8]
406	[1, 2, 3, 4, 5, 6, 7, 8, 9, 10, 11, 12, 13, 14, 15, 16, 17, 18, 19, 20, 21, 22, 23, 24, 25, 26, 27, 28, 29, 30, 31, 32, 33, 34, 35, 36, 37, 38, 39, 40, 41, 42, 43, 44, 45, 46, 47, 48, 49]
407	[0, 1, 2, 3, 4, 5, 6, 7, 8, 9, 10, 11, 12, 13, 14, 15, 16, 17, 18, 19, 20, 21, 22, 23, 24, 25, 26, 27, 28, 29, 30, 31]
408	[0, 1, 2, 3, 4, 48, 49, 50, 51, 52]
409	[4, 5, 6, 7, 8]
410	[11, 12, 13, 14, 15]
411	[795, 796, 797, 798, 799, 800]
412	[16, 17, 18, 46, 47, 48, 49, 50, 51, 52, 53, 54, 55, 56, 57, 58, 59, 60, 61, 62, 63, 64, 65, 66, 67, 68, 69, 70, 71, 130, 131, 132, 133, 134, 135, 136, 137, 138, 139, 140]
413	[]
414	[68, 69, 70, 71, 72, 73, 128, 129, 130, 131, 132]
415	[28, 29, 30, 31, 55, 56, 57, 58, 98, 99, 100, 101, 102, 103, 104, 105, 106, 107]
416	[26, 27, 28, 29, 50, 51, 52, 53, 54, 55, 56]
417	[21, 22, 23, 24]
418	[137, 138, 139, 140, 141, 142, 143, 144, 145, 146, 147]
419	[51, 52, 53, 54, 55]
420	[251, 252, 253, 254, 255, 256, 257, 258, 259, 260, 261, 262, 263, 264, 265, 266, 267]
421	[25, 26, 27, 28, 29, 30]
422	[]
423	[0, 1, 2, 3, 4, 5]
424	[15, 16, 17, 18, 35, 36, 37, 38, 39, 40]
425	[41, 42, 43, 44, 45, 46]
426	[9, 10, 11, 12, 13, 14]
427	[42, 43, 44, 45, 46, 47, 48, 49, 50, 51, 52, 53, 54, 55, 56, 57, 58, 59, 60, 61, 62]
428	[148, 149, 150, 151, 152, 153]
429	[52, 53, 54, 55, 56, 62, 63, 64, 65, 66, 67]
430	[120, 121, 122, 123, 124, 125, 126, 127, 128, 129, 130, 131, 132, 133, 134, 135, 136, 137, 138, 139, 140, 141, 142, 143, 144, 145, 146]
431	[132, 133, 134, 135, 136, 137]
432	[23, 24, 25, 26, 27, 28, 29, 30, 31]
433	[4, 5, 6, 7, 56, 57, 58, 59]
434	[98, 99, 100, 101, 102, 103, 104, 105, 106, 107, 108, 109, 110, 111, 112, 113, 114]
435	[83, 84, 85, 86, 87, 88, 89]
436	[37, 38, 39, 40, 41, 42, 43]
437	[28, 29, 30, 31, 32, 33, 34, 35, 36]
438	[8, 9, 10, 11]
439	[17, 18, 19, 20, 21, 22, 23, 24, 25]
440	[71, 72, 73, 74, 75]
441	[51, 52, 53, 54, 55, 56, 57, 58, 59, 60, 61, 62, 63, 64, 65, 66, 67, 68, 69, 70, 71, 72, 73, 74, 75, 76]
442	[145, 146, 147, 148, 149, 150, 151, 152, 153]
443	[0, 1, 2, 3, 4, 11, 12, 13, 14, 15, 16, 17, 93, 94, 95, 96, 97, 98, 99, 100, 101, 102]
444	[9, 10, 11, 12, 13, 14, 15, 16, 17, 18, 19, 20, 31, 32, 33, 34]
445	[183, 184, 185, 186, 187, 188, 189, 190, 273, 274, 275, 276, 277, 278, 279, 487, 488, 489, 490, 491, 492, 493, 494]
446	[55, 56, 57, 58, 59, 60]
447	[]
448	[]
449	[29, 30, 31, 32, 33, 34, 35, 36, 37, 38, 39, 40, 41, 950, 951, 952, 953, 954, 955, 956, 957, 958, 959, 960, 961, 962, 963, 964, 965, 966, 967, 968, 969, 970, 971, 972, 973]
450	[173, 174, 175, 176]
451	[29, 30, 31, 32, 33, 34]
452	[16, 17, 18, 19, 20, 21, 22, 23, 24, 25, 26, 27, 28, 29, 156, 157, 158, 159]
453	[38, 39, 40, 59, 60, 61]
454	[43, 44, 93, 94, 95, 96, 97, 98, 99, 100, 101, 102, 103, 104, 105, 106, 107, 108, 109, 110, 111, 112, 113, 114, 115, 116, 117, 118, 119, 120, 121, 122, 123, 124, 125, 126, 127, 128]
455	[48, 49, 50, 51, 52, 53, 54, 55, 56, 57, 58, 59, 60, 61, 62, 63]
456	[10, 11, 12, 13, 14]
457	[120, 121, 122, 123, 124, 125, 149, 150, 151, 152, 153, 154]
458	[71, 72, 73, 74]
459	[196, 197, 198, 199, 200, 201, 202]
460	[42, 43, 44, 45, 46, 47, 48, 49, 50, 51, 52, 75, 76, 77, 78, 79, 80, 81, 82, 83, 84, 85]
461	[58, 59, 60, 61, 62]
462	[405, 406, 407, 408]
463	[]
464	[8, 9, 10, 11, 12, 13, 14, 15, 16, 17, 18, 19, 20, 21, 22, 23, 24, 25, 26, 27, 28, 29, 30, 31, 32, 33, 34, 35, 36, 37, 38, 39, 40, 41, 42, 43, 44, 45, 46, 47, 48, 49, 50, 51, 52, 53, 54, 55, 56, 57, 58, 59]
465	[133, 134, 135, 136]
466	[16, 17, 18, 19, 20, 21, 22, 23, 24, 25]
467	[]
468	[54, 55, 56, 57, 58, 59, 60, 85, 86, 87, 88, 89, 90, 91]
469	[0, 1, 2, 3, 4, 5, 6, 7, 8, 9]
470	[25, 26, 27, 28, 29, 30, 31, 32, 53, 54, 55, 56, 57, 58, 59, 60]
471	[54, 55, 56, 57, 58, 59, 60, 61, 62, 63, 64, 65, 66, 67, 68, 69, 70, 71, 72, 73, 74, 75, 76, 77, 78, 79, 80, 81, 82, 83, 84, 85, 86, 87, 88, 89, 90, 91, 92, 93, 94, 95, 96, 97, 98, 99, 100, 101, 102, 103, 104, 105, 106, 107, 108, 109, 110, 111, 112, 113, 114, 115, 116, 117, 118, 119, 120, 121, 122, 123, 124, 125, 126, 127, 128, 129, 132, 133, 134, 135]
472	[0, 1, 2, 3, 4, 5, 6, 7, 8, 9, 10, 11, 12, 13, 14, 15, 16, 17, 18, 19, 20, 21, 22]
473	[0, 1, 2, 3, 4, 5, 6]
474	[3, 4, 5, 6, 7]
475	[22, 23, 24, 25, 26, 27, 28, 29, 30, 31, 32, 33, 34]
476	[149, 150, 151, 152, 153, 156, 157, 158, 159, 160]
477	[24, 25, 26, 27, 28, 29, 67, 68, 69, 70, 71, 72, 73, 74]
478	[8, 9, 10, 11, 12]
479	[0, 1, 2, 3]
480	[369, 370, 371, 372, 373, 374, 375, 376, 377, 378, 379, 380, 381, 382, 383, 384, 385, 386]
481	[21, 22, 23, 24, 25, 26]
482	[0, 1, 2, 3, 4, 5, 6, 7, 8, 9, 10, 11, 12, 13, 14]
483	[30, 31, 32, 33, 34, 35, 36, 37, 38, 39, 40, 41, 42, 43, 44]
484	[53, 54, 55, 56, 57, 58, 59, 60, 61, 62, 63, 64, 65, 66, 67, 311, 312, 313, 314, 315, 316, 317, 318, 319, 631, 632, 633, 634, 635, 636, 671, 672, 673, 674, 675, 676, 677, 678]
485	[739, 740, 741, 742, 743, 744, 745, 746, 747, 748, 749, 750, 751, 752, 753, 754, 755, 756, 757, 758, 759, 760, 761, 762]
486	[8, 9, 10, 11, 12, 13, 14]
487	[35, 36, 37, 38, 39, 40, 63, 64, 65, 66, 67, 68]
488	[0, 1, 2, 3, 4, 5, 6, 7, 8, 9, 10, 11, 12, 13, 14, 15, 16, 17, 18, 19, 20, 21, 22, 23, 24, 25, 26, 27, 28, 29, 30, 31, 32, 33, 34, 35, 36, 37, 38, 39, 40, 41, 42, 43, 44, 45, 46, 47, 48, 49, 50, 51, 52, 53, 54, 55, 56, 57, 58, 59, 60, 61, 62, 63, 64, 65, 66, 67, 68, 69, 70, 71, 72, 73, 74, 75, 76, 77, 78, 79, 80, 81, 82, 83, 84, 85, 86, 87, 88, 89, 90, 91, 92, 93, 94, 95, 96, 97, 98, 99, 100, 101, 102, 103, 104, 105, 106, 107, 108, 109, 110, 111, 112, 113, 114, 115, 116, 117, 118, 119, 120, 121, 122, 123, 124, 125, 126, 127, 128, 129, 130, 131, 132, 133, 134, 135, 136, 137, 138, 139, 140, 141, 142, 143, 144, 145, 146, 147, 148, 149, 150, 151, 152, 153, 154, 155, 156, 157, 158, 159, 160, 161, 162, 163, 164, 165, 166, 167, 168, 169, 170, 171, 172, 173, 174, 175, 176, 177, 178, 179, 180, 181, 182, 183, 184, 185, 186, 187]
489	[84, 85, 86, 87, 88]
490	[0, 1, 2, 3, 4, 5, 6, 7, 8, 9, 10, 11, 12, 13, 14, 15, 16, 17, 18, 19, 20, 21, 22, 23, 24, 25, 26, 27, 28, 29, 30, 31, 32, 33, 34, 35, 36, 37, 38, 39, 40, 41, 42, 43, 44, 45, 46, 47, 48, 49, 50, 51, 52, 53, 54, 55, 56, 57, 58, 59, 60]
491	[637, 638, 639, 640, 641, 642, 643, 644]
492	[23, 24, 25, 26, 27]
493	[10, 11, 12, 13, 14]
494	[8, 9, 10, 11, 12, 13]
495	[81, 82, 83, 84, 85]
496	[85, 86, 87, 88, 89, 90, 218, 219, 220, 221, 222, 223]
497	[29, 30, 31, 32, 33]
498	[20, 21, 22, 23, 24, 25]
499	[7, 8, 9, 10, 11]
500	[49, 50, 51, 52, 53, 54, 55]
501	[44, 45, 46, 47, 48, 49, 50, 51, 52]
502	[4, 5, 6, 7, 8]
503	[22, 23, 24, 25, 26]
504	[102, 103, 104, 105, 106, 107]
505	[135, 136, 137, 138]
506	[88, 89, 90, 91, 92, 93, 94, 95, 96]
507	[0, 1, 2, 3, 4, 5, 6, 7, 8, 9, 10, 11, 12, 13, 14, 15, 16, 17, 18, 19, 20, 21, 22, 23, 24, 25, 26, 27, 28, 29, 30, 31, 32, 33, 34, 35, 36, 37, 38, 39, 40, 41]
508	[0, 1, 2, 3, 4]
509	[0, 1, 2, 3, 41, 42, 43]
510	[82, 83, 84, 85, 86, 87, 88]
511	[24, 25, 26, 27, 28, 29, 30]
512	[20, 21, 22, 23, 24, 25, 26, 27, 38, 39, 40, 41, 42, 43, 44, 45, 46, 47, 48, 49, 50, 51, 52, 53]
513	[64, 65, 66, 67, 68, 69, 322, 323, 324, 325, 326, 327, 328, 329]
514	[20, 21, 22, 23, 24, 25, 26, 27]
515	[196, 197, 198, 199, 200, 201]
516	[21, 22, 23, 24, 25, 26, 27, 28, 29, 30, 31, 32, 33, 34, 35, 36, 37, 38, 39, 40, 197, 198, 199, 200, 201, 202, 203, 204, 205]
517	[16, 17, 18, 19, 20, 21, 26, 27, 28, 29, 30, 31, 157, 158, 159, 160, 161, 162]
518	[20, 21, 22, 23, 24, 25, 26, 37, 38, 39, 40]
519	[101, 102, 103, 104, 105, 106, 107, 108, 109, 110, 111, 135, 136, 137, 138, 139, 140, 141]
520	[155, 156, 157]
521	[]
522	[303, 304, 305, 306, 307, 308, 309]
523	[69, 70, 71, 72, 73, 74, 75, 76]
524	[17, 18, 19, 20, 21]
525	[9, 10, 11, 12]
526	[21, 22, 23, 24, 25, 26]
527	[18, 19, 20, 21, 22]
528	[52, 53, 54, 55, 56, 57]
529	[244, 245, 246, 247, 248, 249, 250, 251, 252, 253, 254, 255, 256, 257, 258, 276, 277, 278, 279, 280, 281, 282, 283, 284]
530	[11, 12, 13, 14, 15, 16, 17, 18, 19, 20]
531	[53, 54, 55, 56, 57, 58, 59]
532	[6, 7, 8, 9, 10, 11, 12, 13, 14, 15, 16, 17, 18, 19, 20, 21, 22, 23, 24]
533	[233, 234, 235, 236, 237, 238, 239, 240, 241, 242, 243, 244, 245, 246, 247]
534	[35, 36, 37, 38]
535	[7, 8, 9, 10, 11, 12]
536	[154, 155, 156, 157, 158, 159, 160, 353, 354, 355, 356, 357, 358, 359, 372, 373, 374, 375, 376, 377, 378]
537	[84, 85, 86, 87, 88, 89, 90, 91, 92, 93, 94, 95, 96, 97, 98]
538	[35, 36, 37, 38, 39]
539	[886, 887, 888, 889, 890, 891, 892]
540	[29, 30, 31, 32, 33, 34, 69, 70, 71, 72, 73, 74, 75, 76, 77, 78, 79, 82, 83, 84, 85, 86, 87, 88, 89, 111, 112, 113, 114, 115, 116, 117, 118, 119, 120, 121, 122, 123, 124]
541	[121, 122, 123, 124, 125, 126, 127, 128]
542	[11, 12, 13, 14, 15, 16, 17, 18, 19, 20, 21, 22, 23, 24]
543	[13, 14, 15, 16, 17, 18, 19, 20]
544	[27, 28, 29, 30, 31, 32, 528, 529, 530, 531, 532, 533]
545	[307, 308, 309, 310]
546	[0, 1, 2, 3, 111, 112, 113, 130, 131, 132, 133, 134]
547	[14, 15, 16, 17, 18, 490, 491, 492, 493, 494, 495]
548	[7, 8, 9, 10, 16, 17, 18, 19, 20, 21, 22]
549	[36, 37, 38, 39, 40, 41, 42, 43]
550	[110, 111, 112, 113]
551	[4, 5, 6, 7]
552	[638, 639, 640, 641, 642, 643]
553	[0, 1, 2, 3, 4, 5, 6, 7, 8, 9, 10, 11, 12, 13, 14, 15, 16, 17, 18, 19]
554	[21, 22, 23]
555	[13, 14, 15, 16, 17, 18, 19, 20, 21]
556	[13, 14, 15, 16, 17, 18, 191, 192, 193, 194, 195, 196, 197, 198, 199, 200, 201, 202, 203, 204, 205, 206, 207, 208, 209, 210, 211, 212, 213, 214, 215]
557	[297, 298, 299, 300, 301, 302, 303, 304, 305]
558	[193, 194, 195, 196, 197, 198, 199, 200, 201, 202, 203, 204, 274, 275, 276, 277, 278, 279, 280, 281, 282, 283, 284, 285, 286, 287, 288, 289]
559	[85, 86, 87, 88, 89, 90, 98, 99, 100, 101, 102, 103]
560	[79, 80, 81, 82, 83, 84, 85, 86, 87, 88, 89, 90, 91, 92, 93, 94, 95, 96, 97, 98, 99, 100, 180, 181, 182, 183, 184]
561	[87, 88, 89, 90, 91, 92]
562	[42, 43, 44, 45, 46, 47]
563	[11, 12, 13, 14, 15, 25, 26, 27, 28, 29, 30]
564	[149, 150, 151, 152, 153]
565	[0, 1, 2, 3, 4, 5, 6, 7]
566	[8, 9, 10, 11, 12, 13, 14, 15, 16, 17]
567	[27, 28, 29, 30, 31, 32, 33]
568	[94, 95, 96, 97, 98, 99]
569	[26, 27, 28, 29, 30, 31]
570	[39, 40, 41, 42, 125, 126, 127, 128, 179, 180, 181, 182, 183, 184, 185, 186, 187, 188, 189, 190, 191, 192, 193, 194, 195, 196, 197, 198]
571	[124, 125, 126, 127, 128, 129, 130, 131, 132, 133, 235, 236, 237, 238, 239, 240, 241]
572	[11, 12, 13, 14, 15, 16, 37, 38, 39, 40, 41, 42, 43, 44, 45, 46]
573	[181, 182, 183, 184, 185, 186, 187, 188, 189, 190]
574	[11, 12, 13, 14, 15, 16, 17, 18, 55, 56, 57, 58, 59, 60, 61, 62, 63, 85, 86, 87, 88, 89, 90, 91, 92]
575	[]
576	[155, 156, 157, 158, 159, 160]
577	[15, 16, 17, 18, 19]
578	[107, 108, 109, 110, 111, 112, 113, 114, 134, 135, 136, 137, 138, 139, 140, 141, 142, 143, 144, 145, 146, 147, 148, 149, 150, 151, 152, 153, 154, 155, 156, 157, 158, 159, 160, 161, 162, 163, 164, 165, 166, 167]
579	[75, 76, 77, 78, 120, 121, 122, 123, 124, 125, 126, 127, 128, 129, 130, 131, 132, 133, 134, 135, 136]
580	[0, 1, 2, 3, 4, 5]
581	[11, 12, 13, 14, 15]
582	[82, 83, 84, 85, 86, 87]
583	[89, 90, 91, 92, 93]
584	[71, 72, 73, 74, 75, 76, 77, 78, 79, 80, 81, 82, 83, 84, 85, 86, 87, 88, 89, 90, 145, 146, 147, 148, 149, 150, 151, 152, 153]
585	[300, 301, 302, 303, 304, 305, 306, 307, 308, 309, 310, 311, 312, 313, 314, 315, 316, 317, 318, 319, 320, 321, 322, 323, 324, 325, 326, 327, 328, 329, 330, 331, 332, 333, 334, 335, 336, 337, 338, 339, 340, 341, 342, 343, 344, 345, 346, 347]
586	[11, 12, 13, 14, 15, 16, 17, 18, 19, 20, 21, 22, 23, 24, 25, 26, 27, 28, 29, 116, 117, 118, 119, 120, 121, 122, 123, 124, 125]
587	[24, 25, 26, 27, 28]
588	[11, 12, 13, 14, 15]
589	[28, 29, 30, 31, 32, 33]
590	[]
591	[26, 27, 28, 29, 165, 166, 167, 168, 169]
592	[9, 10, 11, 12, 13, 14, 15, 16, 17, 62, 63, 64, 65, 66, 67]
593	[34, 35, 36, 37, 38, 39]
594	[48, 49, 50, 51, 52, 53, 54, 55, 56, 57, 58, 59, 68, 69, 70, 71, 72, 73, 74, 75, 76]
595	[51, 52, 53, 54, 55, 56, 57, 58, 116, 117, 118, 119, 120, 121, 122, 123]
596	[79, 80, 81, 82, 83, 84, 85]
597	[68, 69, 70, 71, 72]
598	[10, 11, 12, 13, 14]
599	[85, 86, 87, 88]
600	[59, 60, 61, 62, 63, 64, 65, 66, 67, 68, 70, 71, 72, 73, 74, 75, 76, 77, 78]
601	[35, 36, 37, 38, 39, 40]
602	[67, 68, 69, 70, 71, 72, 73, 74, 75, 76, 77, 78, 79, 80, 81, 82, 83, 84, 85, 86]
603	[8, 9, 10, 11, 12, 13]
604	[3, 4, 5, 6, 7]
605	[340, 341, 342]
606	[248, 249, 250, 251, 252, 253]
607	[9, 10, 11, 12, 13, 14, 15, 16, 17, 18, 19, 20, 21, 22, 23]
608	[0, 1, 2, 3, 4, 5, 6, 7, 8, 9, 10, 54, 55, 56, 57, 58, 59, 60, 61, 62, 180, 181, 182]
609	[18, 19, 20, 21]
610	[22, 23, 24, 25, 26, 27, 28, 29, 30, 31, 32, 33, 34, 35, 36, 37, 38]
611	[14, 15, 16, 17, 18, 19, 46, 47, 48, 49]
612	[23, 24, 25, 26, 27, 28, 29, 400, 401, 402, 403, 404]
613	[]
614	[41, 42, 43, 44, 45, 46]
615	[132, 133, 134, 135, 136, 137, 138, 139]
616	[14, 15, 16, 17, 18, 19, 20, 21, 22, 23, 24, 25]
617	[60, 61, 62, 63]
618	[9, 10, 11, 12, 13, 14]
619	[11, 12, 13, 14, 15, 16, 17, 18, 19, 20, 21, 22, 23, 24, 25, 26, 27, 28, 29, 30, 31, 32, 33, 34, 35, 36, 37, 38, 39, 40, 41, 42, 43, 44, 45, 46, 47, 48, 49, 50, 51, 52, 53, 54, 55, 56, 57, 58, 59, 60, 61, 62, 63, 64, 65, 66, 67, 68, 69, 70, 71, 72, 73, 74, 75, 76, 77]
620	[191, 192, 193, 194, 195, 196, 197]
621	[8, 9, 10, 11, 12, 245, 246, 247, 248, 249, 250, 251, 252]
622	[22, 23, 24, 25]
623	[1, 2, 3, 4, 5, 6, 7, 8, 9, 10, 11, 12, 13, 14, 15, 16, 17, 18, 19, 20, 21, 22, 23, 24, 25, 26, 27, 28, 29, 30, 31, 32, 33, 34, 35, 36, 37, 38, 39, 40, 41, 42, 43, 44, 45, 46, 47, 48, 49, 50, 51, 52, 53, 54, 55, 56, 57, 58, 59, 60, 61, 62, 63, 64, 65, 66, 67, 68, 69, 70, 71, 72, 73, 74, 75, 76, 77, 78, 79, 80, 81, 82, 83, 84, 85, 86, 87, 88, 89, 90, 91, 92, 93, 94, 95, 96, 97, 98, 99, 100, 101, 102, 103, 104, 105, 106, 107, 108, 109, 110, 111, 112, 113, 114, 115, 116, 117, 118, 119, 120, 121, 122, 123, 124, 125, 126, 127, 128, 129, 130, 131, 132, 133, 134, 135, 136, 137, 138, 139, 140, 141, 142, 143, 144, 145, 146, 147, 148, 149, 150, 151, 152, 153, 154, 155, 156, 157, 158, 159, 160, 161, 162, 163, 164, 165, 166, 167, 168, 169, 170, 171, 172, 173, 174, 175, 176, 177, 178, 179, 180, 181, 182, 183, 184, 185, 186, 187, 188, 189, 190, 191, 192, 193, 194, 195, 196, 197, 198, 199, 200, 201, 202, 203, 204, 205, 206, 207, 208, 209, 210, 211, 212, 213, 214, 215, 216, 217, 218, 219, 220, 221, 222, 223, 224, 225, 226, 227, 228, 229, 230, 231, 232, 233, 234, 235, 236, 237, 238, 239, 240, 241, 242, 243, 244, 245, 246, 247, 248, 249, 250, 251, 252, 253, 254, 255, 256, 257, 258, 259, 260, 261, 262, 263, 264, 265, 266, 267, 268, 269, 270, 271, 272, 273, 274, 275, 276, 277, 278, 279, 280, 281, 282, 283]
624	[7, 8, 9, 10, 11, 12, 13, 14, 15, 16, 17, 18, 19, 20, 289, 290, 291, 292, 293, 294]
625	[21, 22, 23, 24, 25, 26]
626	[5, 6, 7, 8, 9, 10, 11, 12, 36, 37, 38, 39, 40, 41]
627	[39, 40, 41, 42, 43, 44, 45, 46, 47, 48]
628	[62, 63, 64]
629	[29, 30, 31, 32, 33, 34, 35, 36, 37]
630	[54, 55, 56, 57, 58, 59, 60, 61, 62]
631	[92, 93, 94]
632	[120, 121, 122, 123, 124, 125]
633	[84, 85, 86, 87, 88, 89]
634	[15, 16, 17, 18, 19, 20, 21, 22, 23, 24, 25, 26, 27, 28, 29, 30, 31]
635	[0, 1, 2, 3, 4, 5, 6, 7, 8, 9, 10, 11, 12, 13, 14, 15, 16, 17, 18, 19, 20, 21, 22, 23, 24, 25, 26, 27, 28, 29, 30, 31, 32, 33, 34, 35, 36, 37, 38]
636	[64, 65, 66, 67, 68, 69, 70, 71, 72, 73, 74, 75, 76, 77, 78, 79, 80, 81, 82, 83, 84, 85, 86, 87, 88, 89, 90, 91, 92, 93, 94, 95, 96, 97, 98, 99, 100, 101, 102]
637	[150, 151, 152, 153, 154, 155, 156, 157]
638	[9, 10, 11, 12, 13, 14, 15, 16, 137, 138, 139, 140, 141, 142, 143, 144]
639	[40, 41, 42, 43, 44, 45]
640	[47, 48, 49, 50, 51, 188, 189, 190, 191, 192, 193, 194]
641	[101, 102, 103, 104, 105, 106, 107, 108, 109, 110, 111]
642	[]
643	[]
644	[11, 12, 13, 14, 15, 16, 244, 245, 246, 247, 248, 249, 250, 251, 252, 253, 254, 255, 256, 257]
645	[277, 278, 279, 280, 281, 282, 283, 284, 285, 286, 287, 288]
646	[21, 22, 23, 24, 25, 26, 27, 28]
647	[15, 16, 17, 18, 19]
648	[6, 7, 8, 9, 10, 11]
649	[0, 1, 2, 3, 4]
650	[106, 107, 108, 109, 110, 111, 112, 113, 114, 115, 116, 117, 118, 119, 120, 121, 122, 123, 124, 125, 126]
651	[7, 8, 9, 10, 11, 12, 74, 75, 76, 175, 176, 177, 178, 179, 180, 181, 182, 183, 184, 185, 186, 187, 188, 189, 190, 191, 192, 193, 194, 195, 196, 197, 198, 199, 200, 201, 202, 203, 204, 205, 206, 207, 208, 209, 210, 211, 315, 316, 317, 318, 319, 320, 321, 322, 323, 324, 325, 326, 327, 328, 329]
652	[10, 11, 12, 13, 14]
653	[11, 12, 13, 14, 15, 16]
654	[19, 20, 21, 22]
655	[31, 32, 33, 34, 65, 66, 67, 68]
656	[0, 1, 2, 3, 4, 5, 6, 7, 8, 9, 21]
657	[29, 30, 31, 32, 33, 97, 98, 99, 100]
658	[8, 9, 10, 11, 12, 13, 14, 15, 16, 17]
659	[32, 33, 34, 35, 36, 37, 38, 39, 40]
660	[561, 562, 563, 564, 565, 566]
661	[150, 151, 152, 153, 154, 155, 156, 157, 158, 159, 160, 161, 162, 163, 164, 165, 166, 167, 168, 169, 170, 171, 172, 173, 174, 175, 176, 177, 178, 179, 180, 181, 182, 183, 184, 185, 186]
662	[31, 32, 33, 34, 35, 36, 37]
663	[9, 10, 11, 12, 13, 14]
664	[36, 37, 38, 39, 40, 41, 42, 43]
665	[67, 68, 69, 70, 71, 72, 73, 74, 75, 76, 77, 78, 79]
666	[5, 6, 7, 8, 9, 10, 11, 12, 13, 14, 15, 16, 17, 18, 19, 20]
667	[0, 1, 2, 3, 4, 5, 6, 7, 8, 9, 10, 11, 12, 13, 14, 15, 16, 17, 18, 19, 20, 21, 22, 23, 24, 25, 26, 27, 28, 29, 30, 31, 32]
668	[0, 1, 2, 3, 4, 5, 6, 7, 8, 9, 10, 11, 12, 13, 14, 15, 16, 17, 18, 19, 20, 21, 22, 23, 24, 25, 26, 27, 28, 29, 30, 31, 32, 33, 34]
669	[]
670	[59, 60, 61, 62, 63, 64, 65, 66, 67]
671	[]
672	[146, 147, 148, 149, 150, 151]
673	[55, 56, 57, 58, 59, 60, 61, 62, 63, 64, 65, 66, 67, 68, 69, 70, 71, 72, 73, 74, 75, 76, 77, 78, 80, 81, 82, 83, 84, 88, 89, 90, 91, 92, 93, 94, 95, 96, 97, 98, 99, 100, 101, 102, 103, 104, 105, 106, 107, 108, 109, 110, 111, 112, 113, 114, 115, 116, 117, 118, 119, 120, 121, 122, 123, 124, 125, 126, 127, 128, 129, 130, 131, 132, 133, 134, 135, 136, 137, 138, 139, 140, 141, 142, 143, 144, 145, 146, 147, 148]
674	[367, 368, 369, 370, 371, 372, 373, 374, 375, 376, 377, 378, 379, 380, 381, 382, 383, 384, 385, 386, 653, 654, 655, 656, 657, 658]
675	[0, 1, 2, 3, 4]
676	[132, 133, 134, 135, 136, 137, 138, 139, 140]
677	[44, 45, 46, 47, 48, 49, 50, 51, 52, 53]
678	[0, 1, 2, 3, 4, 5, 6, 7, 8, 9, 10, 11, 12]
679	[124, 125, 126, 127, 128, 129, 130]
680	[153, 154, 155, 156, 157, 158, 159, 160, 161, 162, 163, 164, 165]
681	[15, 16, 17, 18, 19, 20]
682	[0, 1, 2, 3, 4, 5, 6, 7, 8, 9, 10, 11]
683	[3, 4, 5, 6, 7, 8, 9, 10, 11, 12, 13, 14, 15, 16, 17, 18, 19, 20, 21, 22, 23, 24, 25, 26, 27, 28, 29, 30, 31, 32, 33, 34, 35, 36, 37, 38, 39, 40, 41, 42, 43, 44, 45, 46, 47, 48, 49, 50, 51, 52, 53, 54, 55, 56, 57, 58, 59, 60, 61, 62, 63, 64, 65, 66, 67, 68, 69, 70, 71, 72, 73, 74, 75, 76, 77, 78, 79, 80, 81, 82, 83, 84, 85, 86, 87, 88, 89, 90, 91, 92, 93, 94, 95, 96, 97, 98, 99, 100, 101, 102, 103, 104, 105, 106, 107, 108, 109, 110, 111, 112, 113, 114, 115, 116, 117, 118, 119, 120, 121, 122, 123, 124, 125, 126, 127, 128, 129, 130, 131, 132, 133, 134, 135, 136, 137, 138, 139, 140, 141, 142, 143, 144, 145, 146, 147, 148, 149, 150, 151, 152, 153, 154, 155, 156, 157, 158]
684	[17, 18, 19, 20, 21]
685	[129, 130, 131, 132, 133, 134]
686	[126, 127, 128, 129, 130, 131]
687	[24, 25, 26, 27, 28, 29]
688	[0, 1, 2, 3, 4, 5, 6, 7, 8, 9, 10, 11, 12, 13, 14]
689	[136, 137, 138, 139, 140, 141]
