0	[140, 141, 142, 143, 144, 145, 146]
1	[54, 55, 56, 57, 57, 58, 59, 60, 61, 62, 64, 65, 66, 67, 81, 82, 83, 84, 85, 86]
2	[]
3	[413, 414, 415, 416, 417, 418, 419, 420]
4	[]
5	[129, 130, 131, 132, 133, 134]
6	[35, 36, 37, 38, 39, 40, 41, 42, 43]
7	[55, 56, 57, 58, 59, 60, 61, 62]
8	[37, 38, 39, 40, 41, 321, 322, 323, 324, 325, 326]
9	[94, 95, 96, 97]
10	[17, 18, 19, 20, 21, 22, 23, 24, 24, 25, 26, 27, 28, 29, 30]
11	[6, 7, 8, 9, 10]
12	[58, 59, 60, 61, 62, 63, 64]
13	[201, 202, 203, 204, 205, 206, 207, 208, 209, 210]
14	[52, 53, 54, 55, 56, 57, 58]
15	[134, 135, 136, 137, 138, 139]
16	[22, 23, 24, 25, 26]
17	[12, 13, 14, 15, 16]
18	[2, 3, 4, 5, 36, 37, 38, 39, 40, 41]
19	[133, 134, 135, 136, 137]
20	[]
21	[0, 1, 2, 3, 4]
22	[]
23	[]
24	[238, 239, 240, 241, 242]
25	[13, 14, 15, 16, 17, 18, 19, 20, 21]
26	[]
27	[]
28	[5, 6, 7, 8, 9, 10, 11, 13, 14, 15, 16, 17]
29	[]
30	[180, 181, 182, 183]
31	[57, 58, 59, 60, 61, 62, 63, 64, 65, 66, 67, 68]
32	[17, 18, 19, 20, 21, 22, 23, 24, 25, 26]
33	[8, 9, 10, 11, 12]
34	[28, 29, 30, 31, 32, 33, 34, 35]
35	[18, 19, 20, 21, 22, 23]
36	[12, 13, 14, 15, 16]
37	[20, 21, 22, 23, 24, 25, 26, 27]
38	[]
39	[6, 7, 8, 9, 10, 11, 12, 94, 95, 96, 97]
40	[12, 13, 14, 15, 17, 18, 19, 20]
41	[157, 158, 159, 160]
42	[]
43	[0, 1, 2, 3]
44	[14, 15, 16, 17, 18, 19, 20, 21]
45	[76, 77, 78, 79, 80, 118, 119, 120, 121, 122]
46	[41, 42, 43, 44, 45]
47	[47, 48, 49, 50, 51, 52, 53, 54]
48	[]
49	[213, 214, 215]
50	[5, 6, 7, 8, 9, 10, 11]
51	[7, 8, 9, 10]
52	[14, 15, 16, 17, 18]
53	[81, 82, 83, 84, 85]
54	[44, 45, 46, 47, 48]
55	[36, 37, 38, 39, 40, 41, 42, 43, 44, 45]
56	[]
57	[50, 51, 52, 53, 54, 60, 61, 62, 63, 64, 65, 66, 67, 68, 69, 70]
58	[218, 219, 220, 221, 222, 223, 224]
59	[21, 22, 23, 24, 25, 26]
60	[]
61	[30, 31, 32, 33, 34, 35, 36, 37, 360, 361, 362, 363, 364, 365, 366, 367, 368]
62	[66, 67, 68, 69]
63	[]
64	[0, 1, 2, 3, 4]
65	[36, 37, 38, 39, 40, 41]
66	[35, 36, 37, 38, 39]
67	[75, 76, 77, 78, 79, 80, 81, 82]
68	[21, 22, 23, 24, 25]
69	[35, 36, 37, 38, 39, 40, 41, 42, 43, 44]
70	[22, 23, 24, 25, 26, 27, 28, 29, 30, 31, 32]
71	[549, 550, 551]
72	[55, 56, 57, 58, 59, 60]
73	[]
74	[7, 8, 9, 10, 11, 12]
75	[240, 241, 242, 243, 244, 245, 276, 277, 278, 279, 280, 281, 282]
76	[92, 93, 94, 95]
77	[67, 68, 69, 70, 71, 72, 73, 73, 74, 75, 76, 77, 78, 79, 80]
78	[14, 15, 16, 17, 18, 19, 102, 103, 104, 105, 106, 107]
79	[21, 22, 23, 24, 25, 26, 27, 28]
80	[]
81	[]
82	[5, 6, 7, 8, 9, 10]
83	[28, 29, 30, 31, 32, 33, 39, 40, 41, 42, 43, 44, 45]
84	[114, 115, 116, 117, 118, 119]
85	[101, 102, 103, 104, 105, 106, 107, 108, 108, 109, 110, 111, 112, 113, 114, 134, 135, 136, 137, 138, 139, 140, 141, 142]
86	[300, 301, 302, 303, 304]
87	[8, 9, 10, 11, 12]
88	[11, 12, 13, 14, 15, 15, 16, 17, 18, 19, 20, 21, 23, 24, 25, 26, 27]
89	[28, 29, 30, 31, 32, 33, 34, 35, 36, 238, 239, 240, 241, 242, 243, 245, 246, 247, 248, 249, 250, 252, 253, 254, 255, 256, 257]
90	[11, 12, 13, 14, 15]
91	[20, 21, 22, 23, 24, 25]
92	[34, 35, 36, 37, 38, 39]
93	[104, 105, 106, 107, 108, 109]
94	[310, 311, 312, 313, 314]
95	[14, 15, 16, 17, 18]
96	[336, 337, 338, 339, 340, 341]
97	[17, 18, 19, 20, 45, 46, 47, 48, 49, 50, 58, 59, 60, 61, 62, 63]
98	[15, 16, 17, 18, 19, 38, 39, 40, 41, 103, 104, 105, 106, 107, 108]
99	[0, 1, 2, 3]
100	[0, 1, 2, 3, 4, 5, 13, 14, 15, 16, 17, 18]
101	[12, 13, 14, 15, 16, 17, 18, 19, 20, 21]
102	[0, 1, 2, 3, 4, 5, 242, 243, 244, 245, 246]
103	[89, 90, 91, 92]
104	[28, 29, 30, 31, 32, 33, 34, 35]
105	[0, 1, 2, 3, 4, 5, 6, 7]
106	[107, 108, 109, 110, 111, 112, 113]
107	[391, 392, 393, 394, 395]
108	[32, 33, 34, 35, 36, 37, 38]
109	[53, 54, 55, 56, 57, 58]
110	[]
111	[95, 96, 97, 98, 99, 100, 101, 102]
112	[0, 1, 2, 3, 4, 5]
113	[33, 34, 35, 36]
114	[0, 1, 2, 3, 20, 21, 22, 23]
115	[39, 40, 41, 42, 43, 44, 45]
116	[79, 80, 81, 82, 83, 84, 85, 91, 92, 93, 94, 95, 96, 97, 98, 99]
117	[97, 98, 99, 100, 101, 102]
118	[76, 77, 78, 79, 80, 81]
119	[19, 20, 21, 22, 23, 24, 25, 26, 77, 78, 79, 80, 81]
120	[13, 14, 15, 16, 17]
121	[24, 25, 26, 27, 28, 29, 30, 30, 31, 32, 33, 34, 35, 36, 37, 38, 39, 40]
122	[37, 38, 39, 40, 41, 42, 370, 371, 372, 373, 374, 375]
123	[233, 234, 235, 236]
124	[114, 115, 116, 117, 118, 119]
125	[25, 26, 27, 28]
126	[19, 20, 21, 22, 23, 24, 25]
127	[18, 19, 20, 21, 21, 22, 23, 24, 25, 26, 27, 28]
128	[7, 8, 9, 10, 11, 12, 13, 14]
129	[8, 9, 10, 11]
130	[21, 22, 23, 24, 25, 26, 27]
131	[0, 1, 2, 3, 3, 4, 5, 8, 9]
132	[15, 16, 17, 18, 19]
133	[10, 11, 12, 13, 13, 14, 15, 16, 17, 18, 19, 20, 21, 22, 23, 24, 26, 27, 28, 29, 30, 31, 33, 34, 35, 37, 38, 39, 40, 41, 108, 109, 110, 111, 112, 113]
134	[12, 13, 14, 15, 16, 17, 18, 19, 20]
135	[]
136	[166, 167, 168, 169, 170, 171]
137	[20, 21, 22, 23, 24, 25, 26, 27, 28, 361, 362, 363, 364, 365, 366, 367, 368, 369]
138	[115, 116, 117, 118, 119, 120]
139	[0, 1, 2, 3, 4, 5, 6, 7, 8, 73, 74, 75, 76, 283, 284, 285, 286, 287, 288]
140	[17, 18, 19, 20, 21]
141	[13, 14, 15, 16, 105, 106, 107, 108, 109, 110]
142	[48, 49, 50, 51, 52, 53]
143	[470, 471, 472, 473, 474, 475, 476, 477]
144	[21, 22, 23, 24, 24, 25, 26, 27, 28, 29, 30, 31, 34, 35, 36, 37]
145	[23, 24, 25, 26, 27]
146	[508, 509, 511, 512, 513]
147	[142, 143, 144, 145, 146, 147]
148	[66, 67, 68, 69, 70, 71]
149	[]
150	[40, 41, 42, 43]
151	[0, 1, 2, 3, 4]
152	[7, 8, 9, 10, 11, 12, 13, 14, 15, 16, 52, 53, 54, 55, 56, 57, 58, 59, 60, 61]
153	[0, 1, 2, 3, 4, 5]
154	[208, 209, 210, 211, 212, 213]
155	[27, 28, 29, 30, 31]
156	[70, 71, 72, 73, 74, 75]
157	[17, 18, 19, 20, 21, 22, 23, 24, 25, 26]
158	[38, 39, 40, 41, 42, 43]
159	[10, 11, 12, 13, 14]
160	[66, 67, 327, 328, 329]
161	[121, 122, 123, 124, 125, 126, 127, 128]
162	[198, 199, 200, 201, 202, 203]
163	[22, 23, 24, 25, 26, 27]
164	[38, 39, 40, 41, 42, 43, 44, 45, 46]
165	[26, 27, 28, 29, 30, 31]
166	[20, 21, 22, 23, 24, 25]
167	[28, 29, 30, 31]
168	[22, 23, 24, 25, 26, 27]
169	[0, 1, 2, 3, 4]
170	[7, 8, 9, 10, 11, 12]
171	[81, 82, 83, 84, 118, 119, 120, 121, 122, 123]
172	[24, 25, 26, 27, 28, 29, 270, 271, 272, 273, 274, 275]
173	[]
174	[186, 187, 188, 189, 190, 191, 192, 193, 194, 307, 308, 309, 310, 311, 312]
175	[19, 20, 21, 22, 23]
176	[79, 80, 81, 82, 83, 84]
177	[8, 9, 10, 11, 12]
178	[39, 40, 41, 42, 43, 44]
179	[5, 6, 7, 8, 9, 10]
180	[59, 60, 61, 62, 63, 64, 65, 66, 67]
181	[24, 25, 26, 27, 28, 29]
182	[14, 15, 16, 17]
183	[38, 39, 40, 41, 42, 43, 133, 134, 135, 136]
184	[27, 28, 29, 30, 31, 32, 33, 34, 35, 36]
185	[8, 9, 10, 11, 12, 13, 203, 204, 205, 206, 207, 208]
186	[398, 399, 400, 401, 402]
187	[0, 0, 1, 2, 3]
188	[278, 279, 280, 281, 282, 283, 284, 285]
189	[29, 30, 31, 32, 33, 34, 35, 36, 48, 49, 50, 51]
190	[17, 18, 19, 20, 21, 87, 88, 89, 90]
191	[]
192	[16, 17, 18, 19, 20, 21, 22]
193	[197, 198, 199, 200, 201, 202, 203, 204, 205, 217, 218, 219, 220, 221, 222, 223, 224, 225]
194	[407, 408, 409, 410, 411, 412, 413, 414, 415]
195	[25, 26, 27, 28, 29, 30]
196	[0, 1, 2, 3, 4]
197	[9, 10, 11, 12]
198	[98, 99, 100, 101, 102, 103]
199	[54, 55, 56, 57, 58, 59, 276, 277, 278, 279, 280, 281, 282]
200	[49, 50, 51, 52, 53]
201	[]
202	[]
203	[]
204	[100, 101, 102, 103, 104, 105, 106, 107, 108]
205	[]
206	[83, 84, 85, 86, 87, 88, 89, 90, 91]
207	[25, 26, 27, 28, 29, 30]
208	[19, 20, 21, 22, 23, 24, 25, 26, 27, 28, 29]
209	[505, 506, 507, 508, 509, 510, 511, 512, 513, 514, 515, 516]
210	[67, 68, 69, 70, 71, 72, 73, 74, 75]
211	[12, 13, 14, 15, 16, 17]
212	[10, 11, 12, 13, 14, 15]
213	[]
214	[]
215	[41, 42, 43, 44, 45, 46]
216	[83, 84, 85, 86, 87, 88, 89]
217	[87, 88, 89, 90, 91, 92]
218	[0, 1, 2, 3]
219	[25, 26, 27, 28]
220	[536, 537, 538, 539, 540, 541]
221	[330, 331, 332, 333]
222	[]
223	[0, 1, 2, 3, 4, 5]
224	[6, 7, 8, 9, 10, 11, 11, 12, 13, 14, 15, 16, 17, 18, 19, 20, 21]
225	[9, 10, 11, 155, 156, 157, 158, 159, 160]
226	[146, 147]
227	[25, 26, 27, 28]
228	[9, 10, 11, 12, 13, 14]
229	[121, 122, 123, 124, 125]
230	[21, 22, 23, 24, 25, 26]
231	[]
232	[8, 9, 10, 11, 12]
233	[48, 49, 50, 51, 52, 53, 226, 227, 228, 229, 230, 231, 232]
234	[14, 15, 16, 17, 18, 19, 20, 29, 30, 31, 32, 33, 34, 35]
235	[37, 38, 39, 40, 41]
236	[107, 108, 109, 110]
237	[27, 28, 29, 30, 31, 32, 33, 34, 34, 35, 36, 37, 38, 39, 40, 41, 42, 43, 44, 45, 47, 48, 49, 50, 51]
238	[53, 54, 55, 56, 57, 58, 85, 86, 87, 88, 89, 90, 91, 92, 93, 94]
239	[248, 249, 250, 251, 252, 253, 254, 255]
240	[0, 1, 2, 3]
241	[49, 50, 51, 52, 53, 54, 98, 99, 100, 101, 102]
242	[20, 21, 22, 23, 24, 25]
243	[12, 13, 14, 15, 16, 17, 18, 19, 20, 75, 76, 77, 78, 79, 80, 81, 82, 83]
244	[12, 13, 14, 15, 16, 17, 18]
245	[79, 80, 81, 82, 83, 84]
246	[82, 83, 84, 85, 86, 87]
247	[157, 158, 159, 160, 161, 162, 163, 164, 165, 166]
248	[]
249	[83, 84, 85, 86, 87, 398, 399, 400, 401, 402, 403]
250	[144, 145, 146, 147]
251	[]
252	[44, 45, 46, 47, 48, 154, 155, 156, 157, 158, 159, 160, 161, 162]
253	[0, 1, 2, 3, 4, 5, 61, 62, 63, 64, 65, 66, 67, 68]
254	[80, 81, 82, 83, 142, 143, 144, 145, 146]
255	[189, 190, 191, 192, 282, 283, 284, 285]
256	[15, 16, 17]
257	[147, 148, 149, 150, 151, 152, 153, 154]
258	[14, 15, 16, 17, 18, 19]
259	[5, 6, 7, 8, 9, 10, 11, 12, 13]
260	[218, 219, 220, 221, 222, 223, 224, 233, 234, 235, 236, 237, 238]
261	[]
262	[395, 396, 397, 398, 399, 400]
263	[144, 145, 146, 147, 148]
264	[18, 19, 20, 21, 22, 23, 104, 105, 106, 107, 108, 109, 110, 111, 112]
265	[]
266	[15, 16, 17, 18, 19]
267	[14, 15, 16, 17, 18, 19, 20, 21, 72, 73, 74, 75, 76, 77, 78, 119, 120, 121, 122, 123]
268	[27, 28, 29, 30, 31]
269	[259, 260, 261, 262]
270	[51, 52, 53, 54, 55, 56]
271	[75, 184]
272	[22, 23, 24, 25, 26, 27, 27, 28, 29, 30, 31, 32, 55, 56, 57, 58, 59, 60]
273	[10, 11, 12, 13, 14, 15, 16, 51, 52, 53, 54, 55, 56, 57]
274	[]
275	[73, 74, 75, 76, 77, 78, 79, 80, 81]
276	[193, 194, 195, 196, 196, 197, 198, 199, 200]
277	[10, 11, 12, 13, 14]
278	[0, 1, 2, 3, 4, 57, 58, 59, 60]
279	[57, 58, 59, 60, 61]
280	[]
281	[95, 96, 97, 98, 99, 100]
282	[404, 405, 406, 407, 408, 409, 410]
283	[]
284	[0, 1, 2, 3, 122, 123, 124]
285	[49, 50, 51, 52, 53, 54, 55, 56]
286	[]
287	[94, 95, 96, 97, 98]
288	[146, 147, 148, 149, 150, 151, 152, 153, 154, 155, 156, 156, 157, 158, 159, 160, 161, 162, 165, 166, 167, 168, 169, 170, 171, 172, 174, 175, 176, 177, 178, 179, 180, 181, 184, 185, 186, 187, 188, 189, 190, 192, 193, 194, 195, 196, 197, 198]
289	[199, 200, 201, 202, 203, 204]
290	[]
291	[296, 297, 298, 299, 300, 301]
292	[]
293	[6, 7, 8, 9, 10, 118, 119, 120, 121, 122, 123]
294	[9, 10, 11, 12, 13, 14, 271, 272, 273, 274, 275, 276, 277]
295	[190, 191, 192, 193, 194, 195]
296	[202, 203, 204, 205, 206, 207, 208]
297	[19, 20, 21, 22, 23, 24, 49, 50, 51, 52]
298	[13, 14, 15, 16, 17, 18]
299	[14, 15, 16, 17, 18, 19, 20]
300	[318, 319, 320, 321, 322, 323, 373, 374, 375, 376, 377, 378, 379, 380, 381]
301	[287, 288, 289, 290, 291, 292]
302	[436, 437, 438, 439]
303	[20, 21, 22, 23, 24]
304	[52, 53, 54, 55, 431, 432, 433, 434, 435]
305	[28, 29, 30, 31, 32]
306	[0, 1, 2, 3]
307	[10, 11, 12, 13, 14, 15]
308	[232, 233, 234, 235]
309	[27, 28, 29, 30, 31, 32]
310	[18, 19, 20, 21, 22, 23, 68, 69, 70, 71, 72, 73, 74, 75, 76]
311	[194, 195, 196, 197, 198, 199, 215, 216, 217, 218, 219, 220]
312	[23, 24, 25, 26, 27, 28, 49, 50, 51, 52, 53, 54]
313	[42, 43, 44, 45, 46, 47]
314	[49, 50, 51, 52, 53, 54, 55, 56, 57, 58]
315	[88, 89, 90, 91, 92, 94, 95, 96, 97]
316	[]
317	[54, 55, 56, 57, 58, 59]
318	[115, 116, 117]
319	[8, 9, 10, 11, 12, 13]
320	[5, 6, 7, 8, 9, 10, 11, 12, 13]
321	[21, 22, 23, 24, 25, 26]
322	[183, 184, 185, 186, 187, 188]
323	[169, 170, 171, 172, 173, 174]
324	[]
325	[31, 32, 33, 34, 35, 36]
326	[12, 13, 14, 15, 16, 17, 18, 19, 20, 281, 282, 283, 284]
327	[11, 12, 13, 14, 15, 15, 16, 17, 18, 19, 20, 21, 22, 23, 24]
328	[15, 16, 17, 18, 90, 91, 92, 93, 94, 95, 96]
329	[55, 56, 57, 58, 59, 60, 61]
330	[35, 36, 37, 38]
331	[47, 48, 49, 50, 51]
332	[]
333	[116, 117, 118, 119, 120, 121, 122, 123, 124]
334	[36, 37, 38, 39, 40, 57, 58, 59, 60, 61, 62]
335	[]
336	[8, 9, 10, 11, 12, 13, 14, 15, 59, 60, 61, 62, 63, 64, 65, 66]
337	[26, 27, 28, 29]
338	[0, 1, 2, 3, 4, 5, 6]
339	[13, 14, 15, 16, 17, 18, 19, 20]
340	[202, 203, 204, 205, 206, 207]
341	[]
342	[48, 49, 50, 51, 52]
343	[52, 53, 54, 55, 56, 57]
344	[4, 5, 6, 7, 8, 9, 71, 72, 73, 74, 75, 76]
345	[80, 81, 82, 83, 84, 85]
346	[69, 70, 71, 72, 73, 74]
347	[4, 5, 6, 7, 8, 9, 10, 21, 22, 23, 24]
348	[]
349	[4, 5, 6, 7, 8, 9, 136, 137, 138, 434, 435, 436, 437, 438, 439, 440, 441]
350	[]
351	[224, 225, 226]
352	[10, 11, 12, 13, 14]
353	[30, 31, 32, 33, 34, 35, 130, 131, 132, 133, 134, 135]
354	[55, 56, 57, 58]
355	[124, 125, 126, 127]
356	[18, 19, 20, 21, 22]
357	[20, 21, 22, 23, 24, 25]
358	[]
359	[]
360	[176, 177, 178, 179, 180, 181, 182, 183]
361	[4, 5, 6, 7, 8, 9, 10, 12, 13, 14, 15, 16]
362	[145, 146, 147, 148, 149, 150]
363	[311, 312, 313, 314, 315, 316, 317, 318, 319, 320]
364	[30, 31, 32, 33]
365	[8, 9, 10, 11, 12, 31, 32, 33, 34, 35]
366	[52, 53, 54, 55, 56, 57, 58]
367	[77, 78, 79, 80, 81, 82, 83, 84]
368	[156, 157, 158, 159, 160, 161, 163, 164, 165, 166, 167, 168]
369	[9, 10, 11, 12, 13, 14, 71, 72, 73, 74, 75, 76, 77, 78]
370	[10, 11, 12, 13, 14, 15]
371	[71, 72, 73, 74, 75, 76, 78, 79, 80, 81, 82]
372	[131, 132, 133, 134, 135, 136, 137, 138, 139]
373	[30, 31, 32, 33, 34]
374	[76, 77, 78, 79, 80]
375	[13, 14, 15, 16, 17, 18]
376	[4, 5, 6, 7, 8, 9, 10, 11, 12, 13, 49, 50, 51, 52, 53]
377	[20, 21, 22, 22, 23, 24, 25, 26, 27, 28, 29, 30, 31, 32, 33]
378	[121, 122, 123, 124, 125, 127, 128, 129, 130, 131, 132, 133, 134, 135]
379	[4, 5, 6, 7, 8, 9, 10, 11, 83, 84, 85, 86, 87, 88, 89, 90, 140, 141, 142, 143, 144, 145, 179, 180, 181, 182, 183, 184, 185]
380	[155, 156, 157, 158, 159]
381	[127, 128, 129, 130, 131]
382	[66, 67, 68, 69, 70]
383	[45, 46, 47, 48, 49, 50]
384	[15, 16, 17, 18, 19, 20, 68, 69, 70, 71, 72, 73]
385	[69, 70, 71, 72, 73]
386	[0, 1, 2, 3, 4, 5]
387	[94, 95, 96, 97, 98, 99]
388	[16, 17, 18, 19, 20]
389	[37, 38, 39, 40, 41, 42, 43, 44, 45]
390	[19, 20, 21, 22, 23, 24]
391	[26, 27, 28, 29, 301, 302, 303, 304, 305, 306, 307, 308]
392	[8, 9, 10, 11, 12, 86, 87, 88, 89, 90, 91]
393	[]
394	[46, 47, 48, 49, 50, 51, 52]
395	[36, 37, 38, 39, 40]
396	[6, 7, 8, 9, 10, 11, 29, 30, 31, 32, 33, 34]
397	[27, 28, 29, 30, 33, 34, 35, 36]
398	[54, 55, 56, 57]
399	[267, 268, 269, 270, 271, 272, 323, 324, 325]
400	[261, 262, 263, 264, 265, 266]
401	[33, 34, 35, 36, 37, 38]
402	[54, 55, 56, 57, 58, 59, 60]
403	[118, 119, 120, 121, 122, 123]
404	[21, 22, 23, 24, 25, 26, 255, 256, 257, 258, 259, 260, 261, 262, 263, 264]
405	[57, 58, 59, 60, 61, 62]
406	[81, 82, 83, 84, 185, 186, 187, 188, 189, 190, 191]
407	[]
408	[23, 24, 25, 26, 27]
409	[65, 66, 67, 68, 69, 80, 81, 82, 83, 84, 85]
410	[55, 56, 57, 58, 59, 60, 61, 62]
411	[]
412	[14, 15, 16, 17, 18, 19, 20, 21, 22, 23, 24, 25, 27, 28, 29, 30, 31]
413	[55, 56, 57, 58, 59, 60, 107, 108, 109, 110, 111, 112]
414	[37, 38, 39, 40, 41, 42, 43, 44, 45]
415	[0, 1, 2, 3, 4, 5, 6, 8, 9, 10, 11, 12, 64, 65, 66, 67]
416	[33, 34, 35, 36, 438, 439, 440, 441, 442, 443, 444, 445, 446, 447]
417	[23, 24, 25, 26, 27]
418	[]
419	[74, 75, 76, 77, 78, 79, 80, 81, 82]
420	[]
421	[38, 39, 40, 41, 42, 43, 44, 45]
422	[24, 25, 26, 27, 28, 29, 30]
423	[7, 8, 9, 10, 11, 12, 13]
424	[4, 5, 6, 7, 8, 64, 65, 66, 67, 68, 69, 70, 120, 121, 122, 123, 124, 125]
425	[0, 1, 2, 3, 4, 5, 6]
426	[141, 142, 143, 144, 145, 146]
427	[17, 18, 19, 20, 33, 34, 35, 36]
428	[64, 65, 66, 67, 68, 69]
429	[157, 158, 159, 160, 161, 161, 162, 163, 164, 165, 166]
430	[7, 8, 9, 10, 11, 12, 13, 14, 61, 62, 63, 64]
431	[7, 8, 9, 10, 11, 152, 153, 154, 155, 156]
432	[15, 16, 17, 18, 19, 20]
433	[131, 132, 133, 134, 135]
434	[23, 24, 25, 26, 27, 28, 29, 30, 31, 32]
435	[7, 8, 9, 10, 11, 12]
436	[]
437	[8, 9, 10, 11, 12, 13]
438	[13, 14, 15, 16]
439	[]
440	[14, 15, 16, 17, 18, 159, 160, 161, 162, 163]
441	[27, 28, 29, 30, 31]
442	[78, 79, 80, 81, 82, 83, 126, 127, 128, 129, 130, 131, 132, 133, 134, 135]
443	[412, 413, 414, 469, 470, 471, 472, 473, 516, 517, 557, 558, 559, 560]
444	[12, 13, 14, 15, 16]
445	[6, 7, 8, 9, 10, 11]
446	[18, 19, 20, 21]
447	[]
448	[158, 159, 160, 161, 162, 163, 164]
449	[41, 42, 43]
450	[]
451	[342, 343, 344, 345, 346, 347, 348, 349, 350, 351, 352, 353]
452	[72, 73, 74, 75, 76, 77]
453	[78, 79, 80, 81, 242, 243, 244, 245, 246, 247, 248, 249, 250]
454	[59, 60, 61, 62, 63]
455	[134, 135, 136, 137, 138, 139, 139, 140, 141, 142, 143, 144, 145, 146, 147, 148, 149]
456	[74, 75, 76, 77, 78, 79, 95, 96, 97, 98, 99, 100]
457	[33, 34, 35, 36, 37]
458	[261, 262, 263, 264, 265, 266, 267, 268, 360, 361, 362, 363, 364, 365, 366, 367]
459	[68, 69, 70, 71, 72]
460	[39, 40, 41, 42, 43, 93, 94, 95, 96]
461	[19, 20, 21, 22, 173, 174, 175, 176, 177, 178, 179, 180]
462	[36, 37, 38, 131, 132, 133, 134, 135, 136, 137, 138]
463	[]
464	[23, 24, 25, 26, 27, 28]
465	[]
466	[49, 50, 51, 52, 53]
467	[]
468	[]
469	[37, 38, 39, 40, 41, 42, 108, 109, 110, 111, 112, 113, 214, 215, 216, 217, 218, 219]
470	[37, 38, 39, 40, 41, 42, 43, 44, 45]
471	[29, 30, 31, 32, 33, 34, 35, 36]
472	[31, 32, 33, 34, 35]
473	[361, 362, 363, 364, 365, 366, 367]
474	[64, 65, 66, 67, 68, 69, 72, 73, 74, 75, 76, 77]
475	[]
476	[18, 19, 20, 20, 21, 22, 23, 24, 25, 26, 27, 28]
477	[58, 59, 60, 61, 62, 63, 64, 65]
478	[143, 144, 145, 146, 147, 147, 148, 149, 150, 151, 152, 153, 154, 155, 157, 158, 159, 160, 161, 162, 163]
479	[5, 6, 7, 8]
480	[23, 24, 25, 26, 27]
481	[]
482	[]
483	[]
484	[189, 190, 191, 192, 193]
485	[14, 15, 16, 17, 18, 19, 20, 21]
486	[32, 33, 34, 35, 36, 37]
487	[150, 151, 152, 153]
488	[]
489	[84, 85, 86, 87]
490	[162, 163, 164, 165, 166, 167]
491	[15, 16, 17, 18, 19]
492	[24, 25, 26, 27, 28]
493	[114, 115, 116, 117, 118, 119]
494	[19, 20, 21, 22, 23, 24]
495	[12, 13, 14, 15, 16, 17, 18, 19, 20, 21, 22, 23]
496	[4, 5, 6, 7, 8, 137, 138, 139, 140, 146, 147, 148, 149, 150, 151, 152, 153, 154, 155]
497	[17, 18, 19, 20, 40, 41, 42, 43]
498	[239, 240, 241, 242]
499	[0, 1, 2, 3, 4, 5]
500	[35, 36, 37, 38, 39]
501	[21, 22, 23, 24, 25, 26, 27]
502	[47, 48, 49, 50, 51, 52, 139, 140, 141, 142, 143, 144, 367, 368, 369, 370, 371, 372, 373, 374, 375]
503	[12, 13, 14, 15, 130, 131, 132, 133, 134, 135]
504	[30, 31, 32, 33, 34, 35, 41, 42, 43, 44, 45, 46, 47, 48]
505	[58, 59, 60, 61, 62]
506	[]
507	[218, 219, 220, 221, 222, 223]
508	[25, 26, 27, 28, 29]
509	[120, 121, 122, 123]
510	[163, 164, 165, 166, 167, 168]
511	[36, 37, 38, 39, 40, 41, 42, 307, 308, 309, 310, 311]
512	[179, 180, 181, 182, 183]
513	[]
514	[15, 16, 17, 18]
515	[457, 458, 459, 460, 461, 462]
516	[90, 91, 92, 93, 94, 95]
517	[14, 15, 16, 17]
518	[42, 43, 44, 45, 46, 47, 48, 49, 50]
519	[45, 46, 47, 48, 49, 50, 51, 52, 82, 83, 84, 85, 86, 87, 88, 89, 90]
520	[22, 23, 24, 25, 26, 103, 104, 105, 106, 107, 108, 122, 123, 124, 125, 126, 127, 128, 246, 247, 248, 249, 250, 251, 252, 253]
521	[19, 20, 21, 22, 23, 24]
522	[]
523	[13, 14, 15, 16, 17, 18, 63, 64, 65, 66]
524	[]
525	[12, 13, 14, 15, 16, 17, 18, 19, 20, 21, 22, 22, 23, 24, 25, 26, 27, 28, 29, 30, 102, 103, 104, 105, 106, 107, 108]
526	[21, 22, 23, 24, 25, 26, 27, 28]
527	[54, 55, 56, 57]
528	[44, 45, 46, 47, 48]
529	[39, 40, 41, 42, 43, 44, 45, 51, 52, 53, 54, 55, 56, 57, 58]
530	[15, 16, 17, 18, 19]
531	[15, 16, 17, 18, 19, 20]
532	[26, 27, 28, 29, 30, 31]
533	[16, 17, 18, 19, 20, 21]
534	[18, 19, 20, 21, 22]
535	[14, 15, 16, 17, 18, 19]
536	[39, 40, 41, 42, 43, 44]
537	[15, 16, 17, 18, 19, 20, 21, 22, 23, 24]
538	[61, 62, 63, 64, 65]
539	[8, 9, 10, 11, 12, 13, 14]
540	[]
541	[]
542	[390, 391, 392, 393, 394, 395, 490, 491, 492, 493, 494, 495]
543	[25, 26, 27, 28, 29, 30]
544	[52, 53, 54, 55, 56, 57, 58]
545	[20, 21, 22, 23, 24, 25, 26, 27, 230, 231, 232, 233, 234, 235, 236, 237, 238]
546	[20, 21, 22, 23]
547	[222, 223, 224, 225, 226]
548	[265, 266, 267, 268, 269, 270, 295, 296, 297, 298, 299, 300, 400, 401, 402, 403, 485, 486, 487, 488, 489, 490]
549	[125, 126, 127, 128, 129, 130]
550	[28, 29, 30, 31, 32, 33]
551	[135, 136, 137, 138, 139, 140, 157, 158, 159, 160, 161, 162]
552	[13, 14, 15, 15, 16, 17, 18, 19, 20, 21, 22, 23, 24, 26, 27, 28, 29, 31, 32, 33, 35, 36, 37, 39, 40, 41, 42, 43, 44, 45, 46, 47, 48, 52, 53, 54, 56, 57, 58, 59, 61, 62, 63, 65, 66, 67, 69, 70, 71, 72, 73, 74, 75, 77, 78, 79, 80, 82, 83, 84, 86, 87, 88, 89, 90, 91, 93, 94, 95, 96]
553	[0, 1, 2, 3, 3, 4, 5, 6, 7, 8, 9, 10, 11, 12, 14, 15, 16, 17, 18, 19, 20]
554	[60, 61, 62, 63, 64, 65, 65, 66, 67, 68, 69, 70]
555	[31, 32, 33, 34, 35, 36, 37, 38, 39]
556	[]
557	[19, 20, 21, 22, 23, 24, 29, 30, 31, 32, 33, 34, 114, 115, 116, 117]
558	[9, 10, 11, 12, 13, 14, 15]
559	[]
560	[7, 8, 9, 10, 11, 12, 12, 13, 14, 15, 16, 17, 18, 19, 20, 21, 22]
561	[206, 207, 208, 209, 210, 211]
562	[95, 96, 97, 98, 99, 100]
563	[14, 15, 16, 17, 18]
564	[]
565	[9, 10, 11, 12, 13, 14, 209, 210, 211, 212]
566	[12, 13, 14, 15]
567	[11, 12, 13, 14, 15]
568	[0, 1, 2, 3, 9, 10, 11, 12, 13, 14]
569	[111, 112, 113, 114, 115, 116, 117, 118, 119, 120]
570	[7, 8, 9, 10, 11, 12]
571	[29, 30, 31, 32, 33, 34, 35, 36]
572	[11, 12, 13, 14, 15]
573	[116, 117, 118, 119, 120, 121]
574	[0, 1, 2, 3]
575	[4, 5, 6, 7, 8, 9, 25, 26, 27, 28, 29, 30, 39, 40, 41, 42, 43, 44, 45, 46, 95, 96, 97, 98, 99, 100, 169, 170, 171, 172, 173, 174]
576	[13, 14, 15, 16]
577	[31, 32, 33, 34, 35]
578	[118, 119, 120, 121, 122, 123]
579	[35, 36, 37, 38, 39, 40, 41, 42, 111, 112, 113, 114, 115, 116, 117, 118]
580	[7, 8, 9, 10, 11, 12, 13, 14, 15]
581	[0, 1, 2, 3, 4, 5, 6, 7, 8, 9, 140, 141, 142, 143, 144, 145]
582	[]
583	[110, 111, 112, 113]
584	[0, 1, 2, 3, 4, 5, 6]
585	[44, 45, 46, 47, 48, 49]
586	[6, 7, 8, 9, 10, 11, 12, 13, 40, 41, 42, 43, 44, 45, 46]
587	[175, 176, 177, 178]
588	[277, 278, 279, 280, 281, 282]
589	[85, 86, 87, 88, 89, 90, 91, 92, 93]
590	[20, 21, 22, 23, 24, 25]
591	[60, 61, 62, 63, 64, 65]
592	[177, 178, 179, 180, 181, 182]
593	[11, 12, 13, 14, 15, 16, 17, 18, 39, 40, 41, 42, 43, 44]
594	[4, 5, 6, 7, 8, 9, 16, 17, 18, 19]
595	[102, 103, 104, 105, 106, 107, 108, 109, 110]
596	[32, 33, 34, 35]
597	[40, 41, 42, 43]
598	[381, 382, 383, 384]
599	[116, 117, 118, 119, 120, 121]
600	[64, 65, 66, 67, 68, 69, 70, 71, 72]
601	[23, 24, 25, 26, 27, 299, 300, 301, 302]
602	[13, 14, 15, 16, 17, 18, 19]
603	[22, 23, 24, 25, 26]
604	[0, 1, 2, 3, 4, 5, 6, 7, 69, 70, 71, 72, 73, 74, 75, 76, 77, 78]
605	[18, 19, 20, 21, 22]
606	[55, 56, 57, 58, 59, 60]
607	[20, 21, 22, 23, 24, 25, 26, 27, 28]
608	[13, 14, 15, 16, 17, 18]
609	[7, 8, 9, 10, 11]
610	[35, 36, 37, 38, 39, 40, 237, 238, 239, 240, 241, 242]
611	[435, 436, 437, 438, 439]
612	[53, 54, 55, 56]
613	[37, 38, 39, 40, 41, 42, 43, 44]
614	[24, 25, 26, 27, 28, 29]
615	[18, 19, 20, 21, 22]
616	[362, 363, 364, 365, 366, 367, 375, 376, 377, 378, 379, 380]
617	[18, 19, 20, 21, 22]
618	[]
619	[45, 46, 47, 48, 49, 50]
620	[116, 117, 118, 119, 120, 183, 184, 185, 186, 187]
621	[17, 18, 19, 20, 21, 101, 102, 103, 104, 105]
622	[64, 65, 66, 67]
623	[]
624	[9, 10, 11, 12, 13, 14, 14, 15, 16, 17, 18, 19, 20]
625	[51, 52, 53, 54, 55, 56]
626	[127, 128, 129, 130, 131]
627	[24, 25, 26, 27, 28, 29]
628	[4, 5, 6, 7]
629	[166, 167, 168, 169, 170, 171, 172, 173, 174, 175, 196, 197, 198, 199, 200]
630	[]
631	[65, 66, 67, 68, 69]
632	[15, 16, 17, 18, 19, 20, 21, 22, 28, 29, 30, 31, 32]
633	[19, 20, 21, 22, 23, 24]
634	[]
635	[104, 105, 106, 107, 108]
636	[96, 97, 98, 99, 100, 101, 102, 103]
637	[]
638	[]
639	[3, 4, 5, 6, 7, 8, 9]
640	[76, 77, 78, 79, 80, 81]
641	[9, 10, 11, 12, 13, 176, 177, 178, 179]
642	[]
643	[]
644	[291, 292, 293, 294, 295, 296]
645	[35, 36, 37, 38]
646	[44, 45, 46, 47, 48]
647	[67, 68, 69, 70, 71, 72, 73, 79, 80, 81, 82, 83, 84]
648	[107, 108, 109, 110, 111, 112, 113, 114]
649	[]
650	[15, 16, 17, 18]
651	[39, 40, 41, 42, 43, 44, 45, 75, 76, 77, 78]
652	[16, 17, 18, 19, 20, 21]
653	[0, 1, 2, 3, 4, 5, 7, 8, 9]
654	[373, 374, 375, 376, 377, 378]
655	[7, 8, 9, 10, 11, 12, 13, 14, 15]
656	[13, 14, 15, 16, 17, 60, 61, 62, 63, 64]
657	[22, 23, 24, 25, 26]
658	[19, 20, 21, 22, 23, 24, 25, 25, 26, 27, 29, 30, 31, 32, 33, 34, 35, 36, 37, 39, 40, 41, 42, 43]
659	[43, 44, 45, 46, 47, 48]
660	[97, 98, 99, 100]
661	[0, 1, 2, 3, 4, 8, 9, 10, 11, 13, 14, 15, 16, 17]
662	[35, 36, 37, 38, 39, 40, 41, 42, 43, 44]
663	[12, 13, 14, 15]
664	[19, 20, 21, 22, 23, 24, 25]
665	[249, 250, 251, 252]
666	[23, 24, 25, 26, 27, 28, 29, 30, 31, 32, 32, 33, 34, 35, 36, 37]
667	[]
668	[0, 1, 2, 3, 4, 6, 7, 8, 9, 11, 12, 14, 15, 16, 17, 18, 20, 21, 22, 24, 25, 26, 28, 29, 30, 31, 32, 33, 34, 36, 37, 38, 39, 42, 43, 44, 46, 47, 48, 49, 51, 52, 53, 54, 56, 57, 58, 59, 60, 61, 62, 64, 65, 66, 67, 68, 69, 71, 72, 74, 76, 77, 78, 79, 81, 82, 83, 84, 85, 86, 87, 89, 90, 91, 92, 93, 94]
669	[131, 132, 133, 134, 135]
670	[18, 19, 20, 21, 22, 23, 24, 25, 26]
671	[134, 135, 136, 137, 191, 192, 193, 194]
672	[12, 12, 13, 14, 15, 16, 17, 19, 20, 21, 22, 23]
673	[140, 141, 142, 143, 144, 145]
674	[33, 34, 35, 36, 37, 38, 39, 40, 41, 41, 42, 43, 44, 45, 46, 47, 48]
675	[319, 320, 321, 322, 323, 324]
676	[152, 153]
677	[13, 14, 15, 16, 17]
678	[15, 16, 17, 18]
679	[]
680	[51, 52, 53, 54]
681	[90, 91, 92, 93, 94, 95, 95, 96, 97, 98, 99, 100, 101, 102, 103, 104, 105]
682	[60, 61, 62, 63, 64]
683	[11, 12, 13, 14, 15, 16, 17, 18, 20, 21, 22, 23]
684	[]
685	[]
686	[16, 17, 18, 19, 20, 42, 43, 44, 45, 46, 47]
687	[]
688	[58, 59, 60, 61]
689	[34, 35, 36, 37, 38, 39]
690	[28, 29, 30, 31, 32, 33, 48, 49, 50, 51, 52, 53]
691	[115, 116, 117, 118, 119, 120, 128, 129, 130, 131, 132, 133]
692	[]
693	[141, 142, 143, 144, 145, 146, 177, 178, 179, 180, 181, 182]
694	[23, 24, 25, 26, 27, 28, 29]
695	[264, 265, 266, 267, 268, 269, 270, 271]
696	[15, 16, 17, 18, 19, 20, 21]
697	[193, 194, 195, 196, 197, 198, 231, 232, 233, 234, 235]
698	[]
699	[54, 55, 56, 57, 67, 68, 69, 70, 71]
700	[564, 565, 566, 567]
701	[103, 104, 105, 106, 107, 108, 109, 110, 111]
702	[]
703	[]
704	[76, 77, 78, 79, 80, 81, 82, 83, 84, 85, 86]
705	[144, 145, 146, 147, 148, 149]
706	[]
707	[]
708	[78, 79, 80, 81, 82, 83]
709	[19, 20, 21, 22, 23, 24]
710	[58, 59, 60, 61, 62, 63]
711	[211, 212, 213, 214, 215]
712	[327, 328, 329, 330, 331, 332]
713	[]
714	[]
715	[145, 146, 147, 148, 149, 150]
716	[]
717	[7, 8, 9, 10]
718	[196, 197, 198, 199, 200]
719	[141, 142, 143, 144, 145, 146]
720	[110, 111, 112, 113, 114, 115, 116, 117, 118, 119]
721	[72, 73, 74, 75, 76, 77, 78]
722	[231, 232, 233, 234, 235, 236, 237, 238, 239]
723	[26, 27, 28, 29, 30, 31]
724	[14, 15, 16, 17, 18, 19, 20, 21, 22, 22, 23, 24, 25, 26, 27, 28, 29, 30, 31]
725	[96, 97, 98, 99, 100, 101]
726	[77, 78, 79, 80, 81, 82]
727	[81, 82, 83, 84, 85, 86]
728	[]
729	[]
730	[4, 5, 6, 7, 8, 9, 10, 11, 12]
731	[43, 44, 45, 46, 47, 48, 49, 50, 51, 51, 52, 53, 54, 55, 56, 57, 58, 59, 60, 61, 62, 64, 65, 66, 67]
732	[15, 16, 17, 18, 19, 20, 225, 226, 227, 228]
733	[68, 69, 70, 71, 72, 73]
734	[33, 34, 35, 36, 37, 38, 39, 40, 41, 42]
735	[22, 23, 24, 25, 26, 27, 28, 29, 30]
736	[136, 137, 138]
737	[102, 103, 104, 105, 106]
738	[0, 1, 2, 3, 4, 5]
739	[70, 71, 72, 73]
740	[164, 165, 166, 167, 168, 169, 170, 171, 205, 206, 207, 208, 209]
741	[]
742	[9, 10, 11, 12, 25, 26, 27, 28, 29, 30]
743	[403, 404, 405, 406, 407, 408, 409, 410]
744	[49, 50, 51, 52, 53, 54, 117, 118, 119, 120]
745	[243, 244, 245, 246, 247]
746	[14, 15, 16, 17, 18, 19, 20, 21]
747	[27, 28, 29, 30, 31]
748	[37, 38, 39]
749	[9, 10, 11, 12, 13]
750	[10, 11, 12, 13, 14, 78, 79, 80, 81]
751	[]
752	[23, 24, 25, 26, 27, 28]
753	[398, 399, 400, 401, 402, 403]
754	[48, 49, 50, 51, 52, 53]
755	[16, 17, 18, 19, 20]
756	[0, 1, 2, 3]
757	[61, 62, 63, 64, 65]
758	[22, 23, 24, 25, 26]
759	[]
760	[15, 16, 17, 18, 19, 20]
761	[37, 38, 39, 40, 41, 42]
762	[31, 32, 33, 34, 35, 36, 37]
763	[56, 57, 58, 59]
764	[178, 179, 180, 181]
765	[5, 6, 7, 8, 9, 10, 44, 45, 46, 47, 48, 49]
766	[8, 9, 10, 11, 12, 13, 14, 16, 17, 18, 19]
767	[13, 14, 15, 16, 17, 18]
768	[258, 259, 260, 261, 262, 263]
769	[34, 35, 36, 37, 38, 39, 40]
770	[26, 27, 28, 29, 30]
771	[28, 29, 30, 31]
772	[51, 52, 53, 54, 55, 56]
773	[22, 23, 24, 25, 26, 27, 28, 29]
774	[8, 9, 10, 11, 12, 125, 126, 127, 128, 129]
775	[96, 97, 98, 99, 100, 101]
776	[5, 6, 7, 8, 9, 10, 11, 13, 14, 15]
777	[310, 311, 312, 313, 314, 315, 316, 317]
778	[4, 5, 6, 7, 8, 9, 10, 11]
779	[72, 73, 74, 75, 76]
780	[10, 11, 12, 13, 14, 15, 37, 38, 39, 40, 41, 42, 43, 44]
781	[0, 1, 2, 3, 4, 5, 5, 6, 7, 8, 9, 10, 11]
782	[19, 20, 21, 22, 23]
783	[42, 43, 44, 45, 46, 47, 48]
784	[11, 12, 13, 14, 15, 16]
785	[18, 19, 20, 21]
786	[159, 160, 161, 162, 254, 255, 256, 257]
787	[33, 34, 35, 36, 37, 38, 39, 40, 41]
788	[]
789	[]
790	[19, 20, 21, 22, 63, 64, 65, 66, 67, 68, 69, 70, 71]
791	[]
792	[20, 21, 22, 23, 24, 25, 26]
793	[77, 78, 79, 80, 81, 82, 83, 84]
794	[360, 361, 362, 363]
795	[54, 55, 56, 57, 58, 59, 338, 383, 384]
796	[170, 171, 172, 173, 174, 175]
797	[41, 42, 43, 44, 104, 105, 106, 107]
798	[50, 51, 52, 53, 54, 55, 56, 57, 58, 180, 181, 182, 183, 184, 185, 186, 187]
799	[337, 338, 339, 340, 341, 342]
800	[]
801	[60, 61, 62, 63, 64, 65, 66, 67, 68]
802	[82, 83, 242, 243, 244, 245, 246, 247, 248, 249]
803	[8, 9, 10, 11]
804	[33, 34, 35, 36, 37]
805	[182, 183, 184, 185, 186, 187]
806	[16, 17, 18, 19, 20, 21]
807	[9, 10, 11, 12, 13, 14, 15]
808	[]
809	[]
810	[]
811	[18, 19, 20, 21, 22, 23]
812	[129, 130, 131, 132, 133, 134, 135, 226, 227, 228, 229, 230, 231, 232, 233, 259, 260, 261, 262, 263, 264]
813	[220, 221, 222, 223, 224]
814	[20, 21, 22, 23, 24]
815	[160, 161, 162, 163, 164, 165, 166, 167, 168]
816	[9, 10, 11, 12, 13, 14, 15, 16, 17, 18, 29, 30, 31, 32, 33]
817	[5, 6, 7, 8, 9, 10]
818	[32, 33, 34, 35, 36, 76, 77, 78, 79, 80, 104, 105, 106, 107, 108]
819	[]
820	[16, 17, 18, 19, 20, 21]
821	[63, 64, 65, 66, 67, 68, 69, 70, 71, 179, 180, 181, 182, 183]
822	[80, 81, 82, 83, 84, 85, 86, 88, 89, 90, 91, 92, 93, 94, 95, 96]
823	[173, 174, 175, 176, 177]
824	[309, 310, 311, 312, 313]
825	[138, 139, 140, 141, 142, 176, 177, 178, 179, 180, 181, 182, 183, 184, 185, 207, 208, 209, 210, 211]
826	[30, 31, 32, 33]
827	[66, 67, 68, 69, 70, 71, 72]
828	[8, 9, 10, 11, 12]
829	[169, 170, 171, 172]
830	[10, 11, 12, 13, 14]
831	[14, 15, 16, 17, 18, 19]
832	[]
833	[0, 1, 2, 3]
834	[7, 8, 9, 10, 11, 17, 18, 19, 20]
835	[22, 23, 24, 25, 26, 27]
836	[115, 116, 117, 118, 119]
837	[8, 9, 10, 11, 12, 13, 14]
838	[17, 18, 19, 20, 21, 22, 23, 24, 25, 26, 27]
839	[17, 18, 19, 20, 21, 22, 23, 24, 452, 453, 454, 455]
840	[69, 70, 71, 72, 73]
841	[16, 17, 18, 19, 20]
842	[0, 1, 2, 3, 4, 198, 199, 200, 201, 202, 203]
843	[10, 11, 12, 13, 14, 15, 21, 22, 23, 24, 25, 26]
844	[282, 283, 284, 285, 286]
845	[10, 11, 12, 13, 14, 15, 16, 16, 17, 18, 19, 20, 22, 23, 24, 25, 26, 40, 41, 42, 43, 44, 45, 46, 47, 48]
846	[210, 211, 212, 213, 214, 215, 216, 217]
847	[]
848	[117, 118, 119, 120, 121, 122]
849	[12, 13, 14, 15, 16, 17]
850	[28, 29, 30, 31, 32]
851	[37, 38, 39, 40, 41, 42]
852	[8, 9, 10, 11, 12]
853	[70, 71, 72, 73, 74, 75, 76, 77, 84, 85, 86, 87, 88, 89, 90, 91]
854	[80, 81, 82, 83, 84, 85]
855	[16, 17, 18, 60, 61, 62, 63, 64, 65]
856	[15, 16, 17, 18]
857	[5, 6, 7, 8, 9, 10, 124, 125, 126, 127, 128, 129]
858	[37, 38, 39, 40, 41, 42]
859	[40, 41, 42, 43, 44]
860	[145, 146, 147, 148, 149, 150]
861	[399, 400, 401, 402, 403, 404]
862	[21, 22, 23, 24, 25, 26, 27, 28, 29]
863	[5, 6, 7, 8, 9, 10, 11, 166, 167, 168, 169, 170, 171, 337, 338, 339, 340, 341]
864	[100, 101, 102, 103, 104, 105]
865	[21, 22, 23, 24, 25, 26, 27, 28, 29, 30, 31, 32]
866	[92, 93, 94, 95, 96, 97, 98, 99]
867	[44, 45, 46, 46, 47, 48, 49, 50, 51, 52]
868	[274, 275, 276, 277]
869	[22, 23, 24, 25, 26, 27]
870	[54, 55, 56, 57, 58]
871	[]
872	[58, 59, 60, 61]
873	[131, 132, 133, 134, 135, 136, 137, 138, 139]
874	[19, 20, 21, 22, 69, 70, 71, 72, 73, 74, 75]
875	[177, 178, 179, 180, 181, 182, 190, 191, 192, 193, 194, 195]
876	[]
877	[0, 1, 2, 3]
878	[5, 6, 7, 8, 9, 10, 11]
879	[44, 45, 46, 47, 48, 49, 50, 51, 52, 53, 54, 55, 114, 115, 117, 118, 119, 120, 121, 123, 124, 125, 128, 129, 130, 131, 132]
880	[94, 95, 96, 97, 98, 99]
881	[]
882	[122, 123, 124, 125, 126, 127, 130, 131, 132, 133, 134, 135, 143, 144, 145, 146, 147, 148]
883	[311, 312, 313, 314]
884	[8, 9, 10, 11, 12, 12, 13, 14, 15, 16, 17, 18, 19]
885	[]
886	[0, 1, 2, 3, 4, 5, 6, 7, 8, 8, 9, 10, 11, 12, 13, 14, 15, 16, 17, 20, 21, 22, 23]
887	[150, 151, 152, 153, 154, 189, 190, 191, 192, 193, 194]
888	[14, 15, 16, 17, 18, 19]
889	[237, 238, 239, 240, 241, 242]
890	[75, 76, 77, 78, 79, 80, 81, 82, 83, 84, 85, 86]
891	[112, 113, 114, 115]
892	[36, 37, 38, 39]
893	[0, 1, 2, 3, 4, 5, 13, 14, 15, 16, 17, 18]
894	[10, 11, 12, 12, 13, 14, 15, 16, 17]
895	[27, 28, 29, 30]
896	[14, 15, 16, 17, 18, 19]
897	[55, 56, 57, 58, 59, 60, 61, 62, 63]
898	[0, 1, 2, 3, 4, 5]
899	[85, 86, 87, 88]
900	[77, 78, 79, 80, 81, 82]
901	[141, 142, 143, 144, 145, 146]
902	[7, 8, 9, 10]
903	[45, 46, 47, 48, 49, 50, 51, 52, 53]
904	[0, 1, 2, 3]
905	[7, 8, 9, 10]
906	[176, 177, 178, 179, 180, 181]
907	[148, 149, 150, 151, 152]
908	[2, 3, 4, 5, 25, 26, 27, 28, 29, 30, 31, 31, 32, 33, 34, 35, 36, 37, 38]
909	[]
910	[9, 10, 11, 12, 31, 32, 33, 34]
911	[291, 292, 293, 294, 295, 296, 297, 298, 299]
912	[5, 6, 7, 8, 9, 10, 11]
913	[10, 11, 12, 13]
914	[8, 9, 10, 11, 12]
915	[]
916	[22, 23, 24, 25, 26]
917	[132, 133, 134, 135]
918	[10, 11, 12, 13, 14, 15]
919	[]
920	[13, 14, 15, 16, 17, 18, 19, 20, 21, 22]
921	[63, 64, 65, 66, 67]
922	[41, 42, 43, 44, 45, 46]
923	[73, 74, 75, 76, 77]
924	[50, 51, 52, 53]
925	[59, 60, 61, 62, 63, 64, 64, 65, 66, 67, 68]
926	[101, 102, 103, 104, 105, 106, 312, 313, 314, 315, 316, 317]
927	[44, 45, 46, 47, 48, 49, 66, 67, 68, 69, 70, 71]
928	[0, 1, 2, 3, 3, 4, 5, 6, 7, 9, 10, 11, 12, 13, 14, 15]
929	[20, 21, 22, 23, 24, 25, 25, 26, 27, 28, 29, 31, 32, 33, 34, 36, 37, 38, 40, 41, 42, 44, 45, 46, 47, 49, 50, 51, 52, 54, 55, 56, 57, 58, 59, 60, 61, 63, 64, 65, 66, 67, 68, 69, 70, 71, 73, 74, 76, 77, 78, 79]
930	[]
931	[]
932	[40, 41, 42, 43, 44, 45]
933	[]
934	[]
935	[46, 47, 48, 49, 50, 51, 52]
936	[32, 33, 34]
937	[9, 10, 11, 12, 13, 14, 15, 16, 17, 18]
938	[296, 297, 298, 299, 300, 301, 302, 303, 305, 306, 307, 308, 309]
939	[8, 9, 10, 11, 12, 13, 17, 18, 19, 20, 21, 22]
940	[0, 1, 2, 3, 4, 5, 13, 14, 15, 16, 17, 18, 32, 33, 34, 35, 36, 37]
941	[0, 1, 2, 3, 4, 5]
942	[14, 15, 16, 17, 18, 19]
943	[22, 23, 24, 25, 26, 27, 28]
944	[25, 26, 27, 28, 29, 30, 31]
945	[18, 19, 20, 21, 22]
946	[]
947	[8, 9, 10, 11]
948	[0, 1, 2, 3, 4, 5, 6, 6, 7, 8, 9, 10, 11, 12, 13, 14, 15]
949	[42, 43, 44, 45, 46]
950	[17, 18, 19, 19, 20, 21, 22, 23, 25, 26, 27, 28, 29, 31, 32, 33, 34, 35, 36, 37]
951	[40, 41, 42, 43, 44]
952	[23, 24, 25, 26, 27]
953	[198, 199, 200, 201, 202]
954	[61, 62, 63, 64, 65, 66]
955	[5, 6, 7, 8, 9, 72, 73, 74, 75, 76]
956	[]
957	[34, 35, 36, 37, 38, 39, 40]
958	[]
959	[6, 7, 8, 9]
960	[17, 18, 19, 20, 21, 22, 23]
961	[]
962	[]
963	[99, 100, 101, 102, 103, 104]
964	[31, 32, 33, 70, 71, 72]
965	[122, 123, 124, 125, 126, 127, 208, 209, 210, 211, 212, 213]
966	[15, 16, 17, 18, 19]
967	[48, 49, 50, 51, 52, 53, 54, 55, 162, 163, 164, 165, 166, 167, 168]
968	[74, 75, 76, 77, 78, 79, 80, 81, 82, 87, 88, 89, 90, 91, 92, 93, 94, 95]
969	[10, 11, 12, 13, 14, 15, 16]
970	[109, 110, 111, 112, 113, 114]
971	[78, 79, 80, 81]
972	[36, 37, 38, 39, 40, 41, 42, 43, 44]
973	[34, 35, 36, 37, 38, 39]
974	[17, 18, 19, 20, 21]
975	[0, 1, 2, 3, 8, 9, 10, 11, 12, 13, 14, 15, 16]
976	[217, 218, 219, 220, 221]
977	[0, 1, 2, 3, 4, 5]
978	[62, 63, 64, 65, 66, 67]
979	[68, 69, 70, 71, 72, 73]
980	[]
981	[7, 8, 9, 10, 11, 12]
982	[167, 168, 169, 170, 171, 172]
983	[14, 15, 16, 17, 18]
984	[116, 117, 118, 119]
985	[217, 218, 219, 220, 221, 222, 223]
986	[75, 76, 77, 78, 79, 80, 81, 82, 83, 84]
987	[205, 206, 207, 208, 209]
988	[19, 20, 21, 22, 23, 24, 25, 26]
989	[63, 64, 65, 66, 67, 68, 195, 196, 197, 198, 199, 200, 201, 202, 203]
990	[4, 5, 6, 7, 8]
991	[36, 37, 38, 39, 40, 41, 42]
992	[]
993	[57, 58, 59, 60]
994	[11, 12, 13, 14]
995	[108, 109, 110, 111, 112, 113, 115, 116, 117, 118, 119, 120, 121]
996	[8, 9, 10, 11, 12]
997	[278, 279, 280, 281, 282, 283]
998	[14, 15, 16, 17, 18, 19, 20]
999	[7, 8, 9, 10, 11, 12, 13, 14]
1000	[135, 136, 137, 138, 339, 340, 341, 342, 343, 344]
1001	[5, 6, 7, 8]
1002	[175, 176, 177, 178, 179, 180]
1003	[154, 155, 156, 157, 158, 159, 160, 240, 241, 242, 243, 244, 245]
1004	[139, 140, 141, 142, 143, 144]
1005	[5, 6, 7, 8, 9, 10]
1006	[571, 572, 573]
1007	[50, 51, 52, 53, 54, 143, 144, 145, 146, 147, 148]
1008	[91, 92, 93, 94, 95, 96]
1009	[51, 52, 53, 54, 55]
1010	[132, 133, 134]
1011	[22, 23, 24, 25, 26, 27, 28, 29, 30]
1012	[18, 19, 20, 21, 22, 23]
1013	[0, 1, 2, 3, 4, 5]
1014	[41, 42, 43, 44, 45, 46]
1015	[33, 34, 35, 36, 37, 38]
1016	[156, 157, 158, 159, 160]
1017	[127, 128, 129, 130, 131, 132]
1018	[]
1019	[3, 4, 5, 6, 7]
1020	[106, 107, 108, 109, 110, 111, 112, 113, 114]
1021	[12, 13, 14, 15, 16, 17, 71, 72, 73, 74, 75, 76]
1022	[23, 24, 25, 26, 27, 28, 28, 29, 30, 31, 32, 33, 35, 36, 37, 38, 40, 41, 42]
1023	[166, 167, 168, 169, 170, 171]
1024	[]
1025	[387, 388, 389, 390, 391]
1026	[16, 17, 18, 19, 20, 21, 22, 23]
1027	[0, 1, 2, 3, 4, 5]
1028	[232, 233, 234, 235, 236, 237, 238, 239, 240]
1029	[200, 201, 202, 203, 204]
1030	[]
1031	[8, 9, 10, 11]
1032	[189, 190, 191, 192, 193, 194]
1033	[428, 429, 430, 431, 432, 433]
1034	[11, 12, 13, 14, 15, 23, 24, 25, 26, 27]
1035	[104, 105, 106, 107, 108, 109]
1036	[0, 1, 2, 3, 4, 5, 6, 7]
1037	[]
1038	[232, 233, 234, 235, 236, 237, 238, 241, 242, 243, 244]
1039	[12, 13, 14, 15, 16]
1040	[25, 26, 27, 28]
1041	[35, 36, 37, 38, 39, 40, 41]
1042	[]
1043	[38, 39, 40, 41, 42, 43]
1044	[167, 168, 169, 170, 171, 172, 173, 174, 175]
1045	[133, 134, 135, 136, 137, 138]
1046	[230, 231, 232, 233, 234, 235, 236]
1047	[36, 37, 38, 39]
1048	[32, 33, 34, 35]
1049	[71, 72, 73, 74, 75, 76, 77, 78, 395, 396, 397, 398, 399]
1050	[72, 73, 74, 75, 76, 387, 388, 389, 390, 391, 392, 393, 394, 395, 396, 397, 398]
1051	[43, 44, 45, 46]
1052	[7, 8, 9, 10, 11, 12]
1053	[16, 17, 18, 19, 20]
1054	[31, 32, 33, 34, 35, 36, 37, 37, 38, 39, 40, 41, 42, 43, 44, 45, 46, 47, 50, 51, 52, 53, 54]
1055	[96, 97, 98, 99, 100, 101]
1056	[29, 30, 31, 32, 33, 34]
1057	[67, 68, 69, 70, 71, 72, 73, 74, 75, 76, 77]
1058	[0, 1, 2, 3, 4, 5, 6, 6, 7, 8, 9, 10, 11]
1059	[4, 5, 6, 7, 8]
1060	[23, 24, 25, 26, 27]
1061	[204, 205, 206, 207, 208]
1062	[]
1063	[19, 20, 21, 22, 23]
1064	[]
1065	[85, 86, 87, 88, 89, 90]
1066	[115, 116, 117, 118, 119]
1067	[185, 186, 187, 188, 189, 190, 191, 192]
1068	[369, 370, 371, 372, 373, 378, 379, 380, 381, 382, 383, 384, 385, 386, 387]
1069	[86, 87, 88, 89, 200, 201, 202, 203, 210, 211, 212, 213, 253, 254, 255, 256, 257, 258]
1070	[61, 62, 63, 64, 172, 173, 174, 175, 176, 177]
1071	[217, 218, 219, 220, 221, 222]
1072	[32, 33, 34, 35]
1073	[248, 249, 250, 251, 252, 253]
1074	[81, 82, 83, 84, 85, 86]
1075	[227, 228, 229, 230, 231, 232]
1076	[193, 194, 195, 196, 197, 198]
1077	[87, 88, 89, 90, 91, 92, 93]
1078	[31, 32, 33, 34, 35, 36, 37, 38]
1079	[]
1080	[50, 51, 52, 53, 54, 55, 56, 70, 71, 72, 73, 74, 75]
1081	[]
1082	[24, 25, 26, 27, 28, 29, 30, 31, 78, 79, 80, 81, 82]
1083	[18, 19, 20, 21, 22, 23]
1084	[196, 197, 198, 199, 200]
1085	[52, 53, 54, 55]
1086	[0, 1, 2, 3]
1087	[17, 18, 19, 20, 21, 22, 23, 23, 24, 25, 26, 27]
1088	[51, 52, 53, 54, 55, 56]
1089	[]
1090	[]
1091	[4, 5, 6, 7, 138, 139, 140, 141, 142]
1092	[20, 21, 22, 23, 23, 24, 25, 26, 27]
1093	[39, 40, 41, 42, 43, 44, 45, 46, 47]
1094	[35, 36, 37]
1095	[4, 5, 6, 7, 8]
1096	[4, 5, 6, 7, 8]
1097	[25, 26, 27, 28, 29, 30, 31]
1098	[133, 134, 135, 136, 137, 138]
1099	[10, 11, 12, 13, 14, 15]
1100	[184, 185, 186, 187, 188, 189, 228, 229, 230, 231]
1101	[]
1102	[22, 23, 24, 25, 26, 27]
1103	[3, 4, 5, 6, 7, 8, 149, 150, 151, 152, 153, 154, 155]
1104	[39, 40, 41, 42, 43, 44]
1105	[61, 62, 63, 64, 65, 66, 67, 68, 74, 75, 76, 77, 78, 79, 155, 156, 157, 158, 159, 160]
1106	[73, 74, 75, 76, 77, 78, 81, 82, 83, 84, 85, 86, 106, 107, 108, 109, 110, 111, 158, 159, 160, 161, 162, 163, 164, 165, 166, 330, 331, 332, 333, 334, 335]
1107	[51, 52, 53, 54, 55]
1108	[15, 16, 17, 18, 19, 20]
1109	[201, 202, 203, 204, 205, 206, 207, 208, 209, 210]
1110	[170, 171, 172, 173, 174, 175, 176, 177]
1111	[186, 187, 188, 189, 190]
1112	[126, 127, 128, 129, 130]
1113	[111, 112, 113, 114, 115, 116]
1114	[20, 21, 22, 23, 24]
1115	[30, 31, 32, 33, 52, 53, 54, 55, 56, 57, 58, 59, 61, 62, 63, 64, 65]
1116	[380, 381, 382, 383, 384]
1117	[8, 9, 10, 11, 12, 12, 13, 14, 15, 16, 17, 18, 19, 21, 22, 23, 24, 25, 26, 27, 29, 30, 31, 32, 34, 35, 36, 37, 39, 40, 41, 43, 44, 48, 49, 51, 52, 54, 55, 56, 57, 58, 59, 60, 61, 63, 64, 65, 66, 68, 69, 71, 72, 73, 74, 75, 76, 80, 82, 83, 84, 85, 86, 87, 88, 89, 91, 92, 93, 95, 96, 97, 98, 99, 100, 102, 103, 104, 105, 107, 108, 109, 111, 112, 113, 114, 115, 116, 118, 119, 120, 121, 154, 155, 156, 157, 157, 158, 159, 160, 161, 162, 163, 165, 167, 170, 171, 172, 173, 174]
1118	[117, 118, 119, 120, 340, 341, 342, 343, 344, 345, 346, 458, 459, 460, 461, 462, 463, 464]
1119	[8, 9, 10, 11, 12, 13, 14]
1120	[147, 148, 149, 150, 151, 152, 153]
1121	[177, 178, 179, 180, 181, 182, 183, 184, 185, 186]
1122	[43, 44, 45, 46, 47]
1123	[44, 45, 46, 47]
1124	[14, 15, 16, 17, 18, 19]
1125	[4, 5, 6, 7, 8, 9]
1126	[140, 141, 142, 143, 144, 145, 146, 147]
1127	[304, 305, 306, 307, 308, 373, 374, 375, 376, 377]
1128	[21, 22, 23, 24, 25, 26]
1129	[7, 8, 9, 10, 11, 12, 13, 14, 15, 16]
1130	[15, 16, 17, 18, 19, 20, 21, 22, 23]
1131	[17, 18, 19, 20, 21, 22, 24, 25, 26, 27, 28, 29, 103, 104, 105, 106, 107, 108, 109, 110, 111]
1132	[]
1133	[48, 49, 50, 51]
1134	[182, 183, 184, 185, 186, 187]
1135	[21, 22, 23, 24, 25, 26, 27, 28, 29, 30, 117, 118, 119, 120, 121, 122, 123]
1136	[20, 21, 22, 23, 24, 189, 190, 191, 192, 193, 194, 195, 196, 197]
1137	[131, 132, 133, 134]
1138	[32, 33, 34, 35, 36, 37, 38, 39, 40, 49, 50, 51, 52, 53, 54, 55]
1139	[32, 33, 34, 35, 36, 37, 38, 39, 40]
1140	[55, 56, 57, 58, 59, 60]
1141	[59, 60, 61, 62, 63, 64, 65]
1142	[25, 26, 27, 28, 29, 30]
1143	[235, 236, 237, 238, 239, 240, 241]
1144	[0, 1, 2, 3, 4, 5, 6, 7, 53, 54, 55, 56, 57, 58, 59, 60, 239, 240, 241, 242, 243, 244, 245, 246]
1145	[0, 1, 2, 3, 10]
1146	[110, 111, 112, 113, 114, 115, 116, 117, 118]
1147	[137, 138, 139, 140, 141]
1148	[13, 14, 15, 16, 17, 18]
1149	[8, 9, 10, 11]
1150	[19, 20, 21, 22]
1151	[15, 16, 17, 18]
1152	[22, 23, 24, 25, 26, 27, 27, 28, 29, 30, 31, 32, 36, 37, 38, 39, 40, 41, 42, 43]
1153	[31, 32, 33, 34, 35]
1154	[16, 17, 18, 19, 20, 21, 22, 23, 24, 25]
1155	[23, 24, 25, 26, 27, 28]
1156	[24, 25, 26, 27, 28, 29]
1157	[55, 56, 57, 58, 59, 60, 61, 62, 63, 64]
1158	[5, 6, 7, 8]
1159	[]
1160	[8, 9, 10, 11, 12]
1161	[18, 19, 20, 64, 65, 66, 67]
1162	[]
1163	[39, 40, 41, 42, 43, 44]
1164	[257, 258, 259, 260, 261, 262]
1165	[79, 80, 81, 82, 83, 84, 85]
1166	[16, 17, 18, 19, 20]
1167	[7, 8, 9, 10]
1168	[0, 1, 2, 3, 4, 5, 6, 7, 9, 10, 11, 12, 13, 14, 17, 18, 19, 20, 21, 22, 23, 62, 63, 64, 65]
1169	[0, 1, 2, 3, 4, 5, 6]
1170	[19, 20, 21, 22]
1171	[161, 162, 163, 164]
1172	[]
1173	[0, 1, 2, 3, 4, 5, 6, 7, 8, 9]
1174	[]
1175	[26, 27, 28, 29]
1176	[37, 38, 39, 40, 41]
1177	[6, 7, 8, 9, 10, 67, 68, 69, 70, 71, 72, 73, 74, 75]
1178	[26, 27, 28, 29, 30, 31, 32, 34, 35, 36, 37, 38, 38, 39, 40, 41, 42, 43, 44, 45, 46, 47, 48, 49, 50, 51, 52, 53, 54]
1179	[]
1180	[94, 95, 96, 97, 98, 99, 100]
1181	[219, 220, 221, 222, 223, 224]
1182	[45, 46, 47, 48]
1183	[12, 13, 14, 15, 16, 17, 82, 83, 84, 85, 86, 87, 94, 95, 96, 97]
1184	[85, 86, 87, 88, 89, 90, 115, 116, 117, 118, 119]
1185	[81, 82, 83, 84, 85, 86, 88, 89, 90, 91, 92, 93, 95, 96, 98, 100, 101, 102, 103, 104, 106, 107, 109, 110, 111, 112, 113, 114, 115, 116, 117]
1186	[21, 22, 23, 24, 25, 476, 477, 478, 479, 480]
1187	[]
1188	[129, 130, 131, 132, 133]
1189	[15, 16, 17, 18, 19, 20]
1190	[146, 147, 148, 149, 150, 151, 152, 153]
1191	[85, 86, 87, 88, 89, 90]
1192	[184, 185, 186, 187]
1193	[99, 100, 101, 102, 103, 104, 105, 180, 181, 182, 183, 184, 185]
1194	[41, 42, 43, 44, 45, 46, 47, 48, 49, 50, 187, 188, 189, 190, 191]
1195	[48, 49, 50, 51, 52, 53, 54, 54, 55, 56, 57, 58, 59, 60, 62, 63, 64, 65]
1196	[71, 72, 73, 74, 75, 76, 77, 78, 78, 79, 80, 81, 82, 83, 84]
1197	[113, 114, 115, 116, 117, 118]
1198	[68, 69, 70, 71, 72, 73, 74, 75, 76]
1199	[]
1200	[39, 40, 41, 42, 43, 44]
1201	[11, 12, 13, 14, 27, 28, 29, 30, 31, 32, 33]
1202	[84, 85, 86, 87, 88]
1203	[20, 21, 22, 23, 24, 25, 26, 27, 28, 28, 29, 30, 31, 32, 33, 34, 178, 179, 180, 181, 182, 183]
1204	[31, 32, 33, 34, 35]
1205	[171, 172, 173, 174, 175]
1206	[25, 26, 27, 28, 29, 30, 31, 32, 33]
1207	[74, 75, 76, 77, 78, 79, 80, 80, 81, 82, 83, 84, 85, 86, 87, 88, 89]
1208	[36, 37, 38, 39, 40, 41]
1209	[7, 8, 9, 10, 11]
1210	[287, 288, 289, 290, 291, 292]
1211	[234, 235, 236, 237, 238, 239, 296, 297, 298, 299, 300, 301, 302, 303, 304, 305]
1212	[58, 59, 60, 61]
1213	[120, 121, 122, 123, 124, 125]
1214	[0, 1, 2, 3, 4, 5]
1215	[]
1216	[9, 10, 11, 12, 13, 14, 15, 16, 17, 17, 18, 19, 20, 21, 22, 23, 24, 25, 26, 27, 28, 48, 49, 50, 51, 52, 53, 54]
1217	[237, 238, 239, 240, 241, 242]
1218	[37, 38, 39, 40, 41, 42, 43, 44, 45, 46, 47]
1219	[200, 201, 202, 203, 204]
1220	[152, 153, 154, 155, 156, 157]
1221	[48, 49, 50, 51]
1222	[81, 82, 83, 84, 85, 86, 87, 88, 89]
1223	[35, 36, 37, 38, 39, 40, 41, 42, 91, 92, 93, 94, 95, 96]
1224	[35, 36, 37, 38, 39, 40, 41, 41, 42, 43, 44, 45]
1225	[6, 7, 8]
1226	[19, 20, 21, 22, 23, 24]
1227	[40, 41, 42, 43, 44, 45]
1228	[168, 169, 170, 171, 172, 173]
1229	[3, 4, 5, 6, 7, 8]
1230	[23, 24, 25, 26, 43, 44, 45, 46, 47, 48]
1231	[10, 11, 12, 13, 133, 134, 135, 136, 177, 178, 179, 180, 181]
1232	[213, 214, 215, 216, 217, 218]
1233	[16, 17, 18, 19, 20, 21, 22, 23]
1234	[9, 10, 11, 12, 13, 14, 15, 16]
1235	[9, 10, 11, 12, 13, 14]
1236	[32, 33, 34, 35, 36, 36, 37, 38, 39, 40, 41, 42, 43, 44]
1237	[76, 77, 78, 79, 80, 81, 82, 83, 84, 85, 91, 92, 93, 94, 95, 96, 97]
1238	[112, 113, 114, 115, 116, 117]
1239	[27, 28, 29, 30, 31]
1240	[184, 185, 186, 187, 188, 189, 190]
1241	[293, 294, 295, 296, 297, 298, 299]
1242	[73, 74, 75, 76, 77, 78, 214, 215, 216, 217, 218]
1243	[41, 42, 43, 44, 45, 46, 47, 48, 49]
1244	[93, 94, 95, 96, 97]
1245	[79, 80, 81, 82]
1246	[127, 128, 129, 130, 131, 132]
1247	[84, 85, 86, 87, 88, 89]
1248	[6, 7, 8, 9, 10, 11, 12, 13, 19, 20, 21, 22, 23, 24, 25, 26, 93, 94, 95, 96]
1249	[21, 22, 23, 24, 25]
1250	[82, 83, 84, 85, 86, 87, 88, 89, 162, 163, 164, 165]
1251	[173, 174, 175, 176, 177, 178, 179, 180, 181, 182]
1252	[45, 46, 47, 48, 49, 50, 66, 67, 68, 69, 70, 71, 71, 72, 73, 74, 75, 76, 77, 78, 79, 80]
1253	[417, 418, 419, 420, 421, 422, 423, 424, 442, 443, 444, 445, 446, 447]
1254	[45, 46, 47, 48]
1255	[10, 11, 12, 13, 14]
1256	[18, 19, 20, 21]
1257	[20, 21, 22, 23, 24, 25, 26, 54, 55, 56, 57, 58, 59, 60, 61, 62, 63]
1258	[]
1259	[124, 125, 126, 127, 128, 129, 130, 131, 131, 132, 133, 134, 135, 136, 137, 138]
1260	[]
1261	[0, 1, 2, 3, 4, 5, 55, 56, 57, 58, 59, 60, 61, 62, 63, 64]
1262	[8, 9, 10, 11, 12]
1263	[24, 25, 26, 27, 28, 29, 30, 31, 32, 33]
1264	[93, 94, 95, 96, 320, 321, 322, 323, 335, 336, 337, 338, 339, 340, 341, 361, 362, 363, 364, 383, 384, 385, 386, 387, 446, 447, 448, 449]
1265	[19, 20, 21, 22, 23, 24, 25, 26, 34, 35, 36, 37, 38]
1266	[5, 6, 7, 8, 9, 10, 11]
1267	[0, 1, 2, 3, 4, 4, 5, 6, 7, 8, 9, 10, 11, 13, 14, 15, 16, 17, 18, 19, 20, 21]
1268	[14, 15, 16, 17, 18, 19, 20, 21]
1269	[63, 64, 65, 66, 68, 69, 70, 71, 72]
1270	[0, 1, 2, 3, 4, 5, 56, 57, 58, 59]
1271	[]
1272	[168, 169, 170, 171, 172, 173, 174, 175]
1273	[4, 5, 6, 7, 8, 9, 10, 11]
1274	[15, 16, 17, 18, 19, 144, 145, 146, 147, 148, 149, 150, 151]
1275	[346, 347, 348, 349, 350]
1276	[171, 172, 173, 174, 175, 176]
1277	[]
1278	[]
1279	[0, 1, 2, 3, 4, 5, 6]
1280	[56, 57, 58, 59, 60, 61, 62, 63, 64, 65]
1281	[10, 11, 12, 13, 14, 36, 37, 38, 39, 40]
1282	[]
1283	[74, 75, 76, 77, 78, 79, 80]
1284	[24, 25, 26, 27, 28, 29]
1285	[24, 25, 26, 27, 28, 29, 30, 80, 81, 82, 83]
1286	[18, 19, 20, 21, 22, 23, 24, 25]
1287	[5, 6, 7, 8, 9, 10, 11]
1288	[28, 29, 30, 31, 32]
1289	[31, 32, 33, 34, 35, 36, 37, 38, 39, 139, 140, 141, 142, 295, 296, 297, 298, 299, 300]
1290	[]
1291	[114, 115, 116, 117, 118, 119, 120, 121, 122]
1292	[11, 12, 13, 14, 15, 16, 17, 18, 19, 21, 22, 23, 24, 229, 230, 231, 232, 233, 234, 235]
1293	[82, 83, 84, 85, 86, 87, 95, 96, 97, 98, 99, 100]
1294	[293, 294, 295, 296, 297]
1295	[29, 30, 31, 32, 33, 34]
1296	[87, 88, 89, 90, 91, 92, 93, 94]
1297	[8, 9, 10, 11, 11, 12, 13, 14, 15, 16, 17, 18, 21, 22, 23, 24, 25, 26, 27]
1298	[]
1299	[0, 1, 2, 2, 3, 4, 5, 6, 7, 8, 9, 10, 11, 12, 14, 15, 16, 17, 18, 19, 20, 21, 22, 23, 26, 27, 28, 29, 30, 31, 32, 33, 35, 36, 37, 38, 39, 40, 41, 42, 44, 45, 46, 47, 48, 49, 50, 51, 52, 54, 55, 56, 126, 127, 128, 129, 130, 131, 132, 133, 134, 134, 135, 136, 137, 138, 139, 140, 141, 143, 144, 146, 147, 148, 149, 150, 151, 152, 153, 155, 156, 157, 158, 159, 160, 161]
1300	[13, 14, 15, 16, 17, 18, 19, 19, 20, 21, 22, 23, 24]
1301	[97, 98, 99, 100, 101]
1302	[0, 1, 2, 3, 4, 5, 7, 8, 9, 10, 11]
1303	[19, 20, 21, 22, 23, 24]
1304	[30, 31, 32, 33, 34, 35]
1305	[]
1306	[]
1307	[14, 15, 16, 17, 18, 19, 86, 87, 88, 89, 90, 91]
1308	[]
1309	[77, 78, 79, 80, 81]
1310	[]
1311	[100, 101, 102, 103, 104, 105, 161, 162, 163, 164, 165, 166, 167, 168, 169]
1312	[64, 65, 66, 67, 68, 69, 70]
1313	[]
1314	[8, 9, 10, 11, 12]
1315	[]
1316	[29, 30, 31, 32, 33, 34, 35, 35, 36, 37, 38, 39, 40, 41, 43, 44, 45, 47, 49, 50, 51, 53, 54, 56, 57, 58, 59, 61, 62, 63, 64, 66, 67, 68, 69, 71, 72, 73, 74, 75, 77, 78, 79, 80, 81, 83, 84, 85, 86]
1317	[47, 48, 49]
1318	[264, 265, 266, 267, 268, 300, 301, 302, 303, 304, 305]
1319	[0, 1, 2, 3, 4, 5]
1320	[8, 9, 10, 11, 12, 13]
1321	[144, 145, 146, 147]
1322	[28, 29, 30, 31, 32, 64, 65, 66, 67, 68, 69]
1323	[0, 1, 2, 3, 4, 5, 6, 7, 8]
1324	[103, 104, 105, 106, 107, 108, 109]
1325	[]
1326	[46, 47, 48, 49, 50, 51, 51, 52, 53, 54, 55, 56, 57, 58, 59, 60, 62, 63, 64, 66, 67, 68, 69, 70, 221, 222, 223, 224, 225, 226, 227]
1327	[26, 27, 28, 29, 30, 55, 56, 57, 58, 59, 60]
1328	[]
1329	[19, 20, 21, 22, 23, 24]
1330	[]
1331	[97, 98, 99, 100, 101]
1332	[19, 20, 21, 22, 23]
1333	[36, 37, 38, 39, 40, 41, 42, 78, 79, 80, 81, 82, 83, 84, 85, 86, 86, 87, 88, 89, 90, 91, 93, 94, 95, 96, 98, 99, 100, 101, 102]
1334	[15, 16, 17, 18, 19]
1335	[58, 59, 60, 61, 62, 63, 64, 65, 66]
1336	[]
1337	[]
1338	[]
1339	[6, 7, 8, 9, 10, 11, 12, 13, 14, 15, 21, 22, 23, 24, 25, 26]
1340	[30, 31, 32, 33, 34]
1341	[155, 156, 157, 158, 159, 160, 161, 162]
1342	[]
1343	[219, 220, 221, 222, 223, 224]
1344	[0, 1, 2, 3, 4, 6, 7, 8, 9, 10, 11, 12, 13, 14, 16, 17, 18, 20, 21, 22, 23, 24, 25, 29, 30, 31, 32, 33, 35, 36, 37, 38, 39, 40, 41, 42, 43, 45, 46, 47, 49, 50, 51, 52, 53, 54, 58, 59, 60, 62, 63, 64, 65, 66, 68, 69, 70, 71, 72, 73, 74, 75, 76, 78, 79, 80, 82, 83, 84, 85, 86, 87, 88, 89, 90, 94, 95, 96, 97, 99, 101, 102, 103, 104, 105, 106, 107, 108, 112, 113, 114, 115, 117, 118, 119, 120, 121, 122, 124, 125, 127, 129, 130, 131, 132, 133, 134, 135, 136, 138, 139, 140, 142, 143, 144, 145, 147, 148, 149, 150, 151]
1345	[83, 84, 85, 86, 87, 88, 89, 90]
1346	[263, 264, 265]
1347	[54, 55, 56, 57, 58]
1348	[30, 31, 32, 33, 34]
1349	[]
1350	[28, 29, 30, 31, 32]
1351	[158, 159, 160, 161, 162, 163, 194, 195, 196, 197, 198, 199, 330, 331, 332, 333, 334, 335, 336, 337]
1352	[]
1353	[115, 116, 117, 118, 119, 120]
1354	[75, 76, 77, 78, 79, 80, 211, 212, 213, 214, 215, 216]
1355	[32, 33, 34, 35, 36, 63, 64, 65, 66]
1356	[31, 32, 33, 34, 36, 37, 38, 39, 40, 41, 43, 44, 45, 46, 47, 48, 49, 50, 51, 52, 54, 55, 56, 58, 59, 60, 61, 62, 63, 64, 66, 67, 68, 70, 71, 72, 73, 74, 76, 77, 79, 80, 81, 82, 83, 84, 86, 87, 88, 89, 90, 91, 92, 94, 95, 96, 97, 98, 99, 101, 102, 103, 104, 105]
1357	[55, 56, 57, 58]
1358	[6, 7, 8, 9]
1359	[26, 27, 28, 29, 30]
1360	[16, 17, 18, 19, 20, 21, 22, 23, 24, 25]
1361	[17, 18, 19, 20, 21]
1362	[102, 103, 104, 105, 106, 107, 107, 108, 109, 110, 111, 112]
1363	[0, 1, 2, 3, 4, 5, 6]
1364	[240, 241, 242, 243, 244]
1365	[]
1366	[8, 9, 10, 11, 12]
1367	[17, 18, 19, 20, 21, 22, 23, 23, 24, 25, 26, 27, 28, 29, 30]
1368	[0, 1, 2, 3]
1369	[58, 59, 60, 61, 223, 224, 225, 226, 227, 228, 229, 230, 231]
1370	[79, 80, 81, 82, 83, 84, 85, 86]
1371	[]
1372	[150, 151, 152, 153, 154, 155, 156, 157, 158]
1373	[]
1374	[25, 26]
1375	[11, 12, 13, 13, 14, 15, 16, 17, 18, 19, 67, 68, 69, 70, 71, 72, 73, 74, 75, 76, 76, 77, 78, 79, 80, 81, 82, 83, 84]
1376	[10, 11, 12, 13, 14, 15, 16, 17, 18]
1377	[10, 11, 12, 13, 14, 15, 16, 17]
1378	[]
1379	[39, 40, 41]
1380	[9, 10, 11, 12, 13, 14]
1381	[173, 174, 175, 176, 177]
1382	[17, 18, 19, 20, 21]
1383	[19, 20, 21, 22, 23, 24, 25, 26]
1384	[3, 4, 5, 6, 6, 7, 8, 9, 10, 11, 12, 13, 14, 16, 17, 18, 20, 21, 22, 23, 25, 26, 27, 28, 30, 31, 32, 33, 34, 35, 36, 37, 38, 39]
1385	[10, 11, 12, 13, 142, 143, 144, 145, 146, 147, 148, 149]
1386	[]
1387	[41, 42, 43, 44, 45, 46]
1388	[9, 9, 10, 11, 12, 13, 14, 15, 17, 18, 19, 20, 21, 33, 34, 35, 36, 37]
1389	[4, 5, 6, 7, 8, 9, 122, 123, 124, 125, 126, 127, 128]
1390	[198, 199, 200, 201, 202, 203, 204, 205]
1391	[]
1392	[18, 19, 20, 21]
1393	[29, 30, 31, 32, 33, 34, 35, 36]
1394	[26, 27, 28, 29, 30, 31]
1395	[]
1396	[348, 349, 350, 351]
1397	[78, 79, 80, 81, 82, 83, 84, 85]
1398	[62, 63, 64, 65, 66, 67, 68, 69, 70, 71]
1399	[61, 62, 63, 64, 65]
1400	[12, 13, 14, 15, 16, 17]
1401	[25, 26, 27, 28, 29, 30, 46, 47, 48, 49]
1402	[8, 9, 10, 11, 12, 13, 14]
1403	[66, 67, 68, 69, 70, 71]
1404	[519, 520, 521, 522]
1405	[]
1406	[214, 215, 216, 217, 218, 219]
1407	[19, 20, 21, 22, 23, 24]
1408	[0, 1, 2, 3, 4, 5, 6, 7, 8, 9]
1409	[17, 18, 19, 20, 474, 475, 476, 477]
1410	[20, 21, 22, 23, 24, 30, 31, 32, 33, 34, 35, 57, 58, 59, 60, 61, 62, 63, 64]
1411	[146, 147, 148, 149, 150, 151, 282, 283, 284, 285, 286, 287]
1412	[5, 6, 7, 8]
1413	[]
1414	[8, 9, 10, 11, 12, 13, 14, 14, 15, 16, 17, 18, 20, 21, 22, 23, 24, 25, 26, 27, 28, 29, 32, 33, 34, 36, 37, 38, 40, 41, 42, 43, 44, 45, 46, 47, 48, 49, 51, 52, 53, 55, 56, 57, 58, 59, 60]
1415	[181, 182, 183, 184, 185, 186]
1416	[48, 50, 51, 52, 53, 55, 56, 57, 58, 59, 60, 61, 62, 63, 64, 65, 68, 69, 70, 71, 72, 74, 75, 78, 79, 80, 81, 82, 83, 84, 85, 86, 87]
1417	[14, 15, 16, 17, 18, 19]
1418	[29, 30, 31, 32, 33, 34, 35, 36, 37]
1419	[251, 252, 253, 254, 255, 256, 257, 258, 259, 382, 383, 384, 385, 386, 387, 388, 389, 390]
1420	[]
1421	[]
1422	[12, 13, 14, 15, 16, 17]
1423	[]
1424	[12, 13, 14, 15, 16, 17, 18, 19, 20]
1425	[61, 62, 63, 64, 65, 66, 67, 68, 68, 69, 70, 71, 72, 73, 74, 75, 76]
1426	[11, 12, 13, 14, 15, 69, 70, 71, 72, 73, 118, 119, 120, 121]
1427	[36, 37, 38, 39, 40]
1428	[]
1429	[28, 29, 30, 31]
1430	[]
1431	[0, 1, 2, 3, 4, 5, 6, 6, 7, 8, 9, 10, 11, 12, 13, 15, 16, 18, 19, 20, 21, 22, 23, 24, 25, 26, 27, 29, 30, 32, 33, 34, 36, 37, 38, 39, 41, 42, 43, 45, 46, 47, 48, 49, 53, 54, 55, 57, 58, 59, 60, 61, 62, 63, 67, 68, 69, 70, 71, 72, 73, 74, 75, 77, 78, 79, 80, 81, 82, 83, 85, 86, 87, 88, 89, 90, 91, 93, 94, 95, 96, 98, 99, 100, 101, 103, 105, 106, 107, 108, 109, 110, 111]
1432	[]
1433	[11, 12, 13, 14, 15]
1434	[12, 13, 14, 15, 16]
1435	[93, 94, 95, 96, 97, 98, 99, 100, 101]
1436	[8, 9, 10, 11, 12, 13, 14, 15, 16, 17, 48, 49, 50, 51, 52, 53, 54, 55, 56, 57]
1437	[39, 40, 41, 42, 43, 83, 84, 85, 86, 92, 93, 94, 95, 96, 97]
1438	[33, 34, 35, 36, 37, 37, 38, 39, 40, 41, 42]
1439	[11, 12, 13, 14, 14, 15, 16, 17, 18, 19, 20, 21, 22, 23, 80, 81, 82, 83, 84, 85, 86]
1440	[43, 44, 45, 46, 47, 48, 49, 95, 96, 97, 98, 99, 100, 101, 102, 103]
1441	[284, 285, 286, 287, 288, 289, 290, 291]
1442	[25, 26, 27, 28, 29, 30]
1443	[141, 142, 143, 144]
1444	[]
1445	[329, 330, 331, 332]
1446	[]
1447	[34, 35, 36, 37]
1448	[147, 148, 149, 150, 151, 248, 249, 250, 251, 252, 253]
1449	[87, 88, 89, 90, 91]
1450	[12, 13, 14]
1451	[]
1452	[10, 11, 12, 13]
1453	[5, 6, 7, 8, 9, 10, 125, 126, 127, 128, 129]
1454	[305, 306, 307, 308]
1455	[]
1456	[68, 69, 70, 71, 72, 73, 74, 75]
1457	[4, 5, 6, 7, 8, 9, 10, 11]
1458	[85, 86, 87, 88, 89, 90, 91, 92, 93]
1459	[118, 119]
1460	[]
1461	[275, 276, 277, 278, 279, 280, 281, 282, 283]
1462	[148, 149, 150]
1463	[113, 114, 115]
1464	[]
1465	[98, 99, 100, 101]
1466	[163, 164, 165, 166, 167]
1467	[]
1468	[87, 88, 89, 90]
1469	[]
1470	[20, 21, 22, 23, 24, 25, 26, 27, 28, 28, 29, 30, 31, 32, 33, 34, 35, 36, 37, 38, 39, 40, 42, 43, 44, 45, 46, 47, 49, 50, 51, 52, 53, 54, 55, 57, 59, 60, 61, 62, 65, 66, 67, 68, 69, 72, 73, 74, 75, 76, 77, 78, 79, 80, 83, 84, 85, 86, 87, 88, 89, 90, 91, 94, 95, 96, 97, 98, 99, 100, 101, 102, 103, 106, 107, 108, 109, 110, 111, 112, 113, 114, 115, 118, 119, 120, 121, 122, 123, 124, 125, 126, 127, 130, 131, 132, 133, 134, 135, 136, 137, 138, 141, 142, 143, 144, 145, 146, 147, 148, 149, 150, 151, 152, 154, 155, 156, 157, 158, 159]
1471	[40, 41, 42, 43, 44, 45]
1472	[9, 10, 11, 12, 13, 14, 318, 319, 320, 321, 322, 323]
1473	[]
1474	[20, 21, 22, 23]
1475	[59, 60, 61, 62, 63, 64, 65, 130, 131, 132, 133, 134]
1476	[288, 289, 290, 361, 362]
1477	[230, 231, 232, 233, 234, 235]
1478	[]
1479	[373, 374, 375, 376, 377, 378, 379, 380, 381]
1480	[13, 14, 15, 16, 16, 17, 18, 19, 20, 21, 22, 23, 104, 105, 106, 107, 108]
1481	[]
1482	[141, 142, 143, 144, 145, 146]
1483	[360, 361, 362, 363, 364, 365]
1484	[14, 15, 16, 17, 18, 19, 20, 21, 23, 24, 25, 26, 27]
1485	[16, 17, 18, 19, 20]
1486	[44, 45, 46, 47, 48]
1487	[11, 12, 13, 14, 15]
1488	[140, 141, 142, 143, 144, 145]
1489	[110, 111, 112, 113, 114, 115, 116, 117, 118]
1490	[5, 6, 7, 8, 9, 10, 11, 29, 30, 31, 32, 33, 34, 35, 36, 37, 38]
1491	[10, 11, 12, 13, 14]
1492	[135, 136, 137, 138, 139, 140]
1493	[26, 27, 28, 29, 30, 31, 32, 33, 34, 48, 49, 50, 51, 52, 53, 54, 55, 56]
1494	[194, 195, 196, 197, 198, 199]
1495	[30, 31, 32, 33, 34, 35]
1496	[22, 23, 24, 25, 26]
1497	[63, 64, 65, 66, 67, 119, 120, 121, 122, 123]
1498	[75, 76, 77, 78, 79]
1499	[11, 12, 13, 14, 103, 104, 105, 106]
1500	[95, 96, 97, 98, 99, 100]
1501	[]
1502	[35, 36, 37, 38, 39, 40, 41]
1503	[68, 69, 70, 71]
1504	[50, 51, 52, 53, 274, 275, 276, 277, 278, 279, 280, 281, 282, 283, 284, 309, 310, 311, 312, 313, 314, 315, 316, 317, 318, 320, 321, 322, 323]
1505	[]
1506	[]
1507	[15, 16, 17, 18, 19, 20, 161, 162, 163, 164, 165, 166, 167, 168]
1508	[18, 19, 20, 21, 22]
1509	[12, 13, 14, 15, 16, 17, 18, 19]
1510	[0, 1, 2, 3]
1511	[111, 112, 113, 114, 115, 116, 117, 118]
1512	[]
1513	[95, 96, 97, 98, 99, 100]
1514	[108, 109, 110, 111, 112, 240, 241, 242, 243, 244]
1515	[39, 40, 41, 42, 43, 44, 45]
1516	[0, 1, 2, 3, 10, 11, 12, 13, 14]
1517	[70, 71, 72, 73, 74]
1518	[397, 398, 399, 400, 401, 402, 425, 426, 427, 428, 429, 430, 431, 432, 433]
1519	[]
1520	[53, 54, 55, 56]
1521	[77, 78, 79, 80, 81, 82, 83, 84, 85, 212, 213, 214, 215, 216, 217, 218]
1522	[]
1523	[18, 19, 20, 21, 22, 23]
1524	[13, 14, 15, 16, 17, 18]
1525	[]
1526	[5, 6, 7, 8, 9, 10, 195, 196, 197, 198, 199, 200]
1527	[]
1528	[]
1529	[]
1530	[52, 53, 54, 55, 56]
1531	[297, 298, 299, 300, 301]
1532	[43, 44, 45, 46, 47, 48, 49, 50]
1533	[0, 1, 2, 3]
1534	[238, 239, 240, 241, 242]
1535	[3, 4, 5, 6, 7, 8]
1536	[560, 561]
1537	[31, 32, 33, 34, 35, 36]
1538	[]
1539	[]
1540	[]
1541	[0, 1, 2, 3, 4, 5]
1542	[372, 373, 374, 432, 433, 434, 435, 436, 437, 438, 439, 452, 453]
1543	[55, 56, 57, 58, 59, 60, 61]
1544	[66, 67, 68, 69, 70]
1545	[153, 154, 155, 257, 258, 259, 260]
1546	[284, 285, 286, 287, 288, 289]
1547	[180, 181, 182, 183, 184]
1548	[239, 240, 241, 242, 243]
1549	[]
1550	[]
1551	[11, 12, 13, 14]
1552	[35, 36, 37, 38, 39]
1553	[116, 117, 118, 119]
1554	[0, 1, 2, 3, 4, 5, 6, 7, 7, 8, 9, 10, 11, 12, 13, 15, 16, 17, 19, 20, 21, 22, 23, 51, 52, 53, 54, 55, 56, 57]
1555	[8, 9, 10, 11, 12, 13, 232, 233, 234, 235, 236, 237]
1556	[62, 63, 64, 65, 66]
1557	[4, 5, 6, 7, 8, 9, 10, 36, 37, 38, 39, 40, 41, 42]
1558	[381, 382, 383, 384, 385]
1559	[22, 23, 24, 25, 26]
1560	[9, 10, 24, 25, 26, 27]
1561	[8, 9, 10, 11, 12, 13, 14, 15]
1562	[]
1563	[39, 40, 41, 42, 43, 44, 45, 46, 47]
1564	[56, 57, 58, 59, 60, 61]
1565	[16, 17, 18, 19, 20, 21, 33, 34, 35, 36, 37]
1566	[201, 202, 203, 204, 205, 206, 207, 208, 209]
1567	[99, 100, 101, 102, 103, 104]
1568	[98, 99, 100, 101, 102, 103, 104, 105, 107, 108, 110, 111, 112, 113, 114, 117, 118, 119, 120, 121, 123, 124, 126, 128, 129, 130, 133, 138, 140, 141, 142, 145, 146]
1569	[]
1570	[22, 23, 24, 25, 26]
1571	[121, 122, 123, 124, 125]
1572	[96, 97, 98, 99, 280, 281, 282, 283, 284, 285, 286, 287, 288]
1573	[37, 38, 39, 40, 41, 42, 43, 44, 45, 46, 46, 47, 48, 49, 50]
1574	[85, 86, 87, 88, 89, 90]
1575	[342, 343, 344, 345]
1576	[]
1577	[220, 221, 222, 223, 224, 225, 226, 226, 227, 228, 229, 230, 231, 232, 233]
1578	[]
1579	[105, 106, 107, 108, 109, 110, 111]
1580	[169, 170, 171, 172, 173]
1581	[4, 5, 6, 7, 8, 9]
1582	[9, 10, 11, 12, 13]
1583	[0, 1, 2, 3, 4, 5, 6, 12, 13, 14, 15, 16, 115, 116, 117, 118, 119, 120, 171, 172, 173, 174, 175]
1584	[]
1585	[]
1586	[281, 282, 283, 284, 285, 286, 287]
1587	[4, 5, 6, 7, 8, 9, 249, 250, 251, 252]
1588	[49, 50, 51, 52, 53, 54]
1589	[30, 31, 32, 33]
1590	[113, 114, 115, 116, 117, 118]
1591	[102, 103, 112, 113, 114, 115, 116]
1592	[]
1593	[50, 51, 52, 53, 54, 55, 173, 174, 175, 176, 177, 178]
1594	[26, 27, 28, 29, 30, 31]
1595	[55, 56, 57, 58, 59, 60]
1596	[16, 17, 20, 21, 22, 23, 24, 27, 28, 29, 30, 32, 34, 35, 36, 37, 38, 41, 42, 43, 44, 45, 46, 47, 48, 49, 52, 53, 54, 55, 56, 57, 58, 59, 61, 62, 63, 64, 65, 66, 68, 69, 70, 71, 72, 73, 74, 75, 77, 78, 79, 80, 82, 83, 84, 85, 86, 88, 89, 90, 91, 92, 93, 95, 96, 97, 98, 100, 101, 102, 103, 104, 105, 106, 107, 108, 110, 111, 112, 113, 115, 116, 117, 118, 119, 120, 122, 123, 124, 125, 128, 129, 130, 131, 132, 134, 135, 136, 137, 138, 140, 141, 142, 143, 144, 146, 147, 148, 149, 150, 152, 153, 154, 155, 157, 158, 159, 160, 161, 163, 164, 165, 166, 168, 169, 170, 172, 173, 174, 175, 176, 177]
1597	[]
1598	[261, 262, 263, 264, 265, 266]
1599	[]
1600	[398, 399]
1601	[215, 216, 217, 218, 219, 220]
1602	[]
1603	[220, 221, 222, 223, 283, 284, 285, 286]
1604	[25, 26, 27, 28, 29, 135, 136, 137, 138, 139]
1605	[79, 80, 81, 82, 83]
1606	[18, 19, 20, 21, 22, 23, 24, 25]
1607	[15, 16, 17, 18, 19, 20]
1608	[33, 34, 35, 36, 37, 81, 82, 83, 84, 85, 86]
1609	[9, 10, 11, 12]
1610	[41, 42, 43, 44, 45, 46, 47, 48, 49]
1611	[70, 71, 72, 73, 74]
1612	[14, 15, 16, 17, 18]
1613	[402, 403, 404, 405, 406, 407, 408]
1614	[335, 336, 337, 338, 339, 340, 341]
1615	[]
1616	[11, 12, 13, 14, 15, 16, 17, 18, 19]
1617	[62, 63, 64, 65, 66]
1618	[96, 97, 98, 99, 100, 101, 102]
1619	[20, 21, 22, 23, 24, 25]
1620	[]
1621	[55, 56, 57, 58, 59, 60]
1622	[10, 11, 12, 13, 14, 15, 16, 17, 18]
1623	[19, 20, 21, 22, 23, 24, 25, 26, 27]
1624	[27, 28, 29, 30, 31, 32, 82, 83, 84, 85]
1625	[61, 62, 63, 64, 65, 66]
1626	[25, 26, 27, 28, 29, 30, 142, 143, 144, 145]
1627	[11, 12, 13, 14, 15, 16, 17, 18, 20, 21, 22, 23]
1628	[31, 32, 33, 34, 35]
1629	[489, 490, 491, 492, 493, 494, 495]
1630	[]
1631	[7, 8, 9, 10, 11, 13, 14, 15, 16, 17, 18, 19]
1632	[196, 197, 198, 199]
1633	[28, 29, 30, 31]
1634	[19, 20, 21, 22]
1635	[29, 30, 31, 32, 33, 34, 77, 78, 79, 80, 81]
1636	[61, 62, 63, 64, 65, 66]
1637	[5, 6, 7, 8, 9, 10, 11, 12, 14, 15, 16, 17, 18, 19, 20]
1638	[]
1639	[26, 27, 28, 29, 30]
1640	[101, 102, 103, 104, 105]
1641	[]
1642	[47, 48, 49, 50, 51]
1643	[31, 32, 33, 34]
1644	[107, 108, 109, 110, 111, 162, 163, 164, 165, 166]
1645	[49, 50, 51, 52, 53, 54]
1646	[]
1647	[0, 1, 2, 3, 4, 5, 6, 7, 8]
1648	[118, 119, 120, 121, 122, 123]
1649	[64, 65, 66, 67, 68, 69, 70, 71, 73, 74, 75, 76, 77, 78, 79, 80, 81]
1650	[14, 15, 16, 17, 18, 19, 20, 21, 21, 22, 23, 24, 25, 26, 27, 64, 65, 66, 67, 68, 69]
1651	[]
1652	[12, 13, 14, 15, 16]
1653	[16, 17, 18, 19, 20, 21]
1654	[8, 9, 10, 11, 12, 13]
1655	[10, 11, 12, 13, 14]
1656	[55, 56, 57, 58]
1657	[106, 107, 108, 109, 110, 111, 146, 147, 148, 149, 150, 151]
1658	[286, 287, 288, 289, 290, 291, 292, 293, 294]
1659	[12, 13, 14, 15, 127, 128, 129, 130, 131, 132, 133, 134, 135]
1660	[144, 145, 146, 147, 148, 149, 150, 151]
1661	[]
1662	[]
1663	[57, 58, 59, 60, 61, 62, 63, 64, 64, 65, 66, 67, 68, 69, 70]
1664	[59, 60, 61, 62, 63, 64, 65, 66, 67]
1665	[79, 80, 81, 82, 83, 84]
1666	[20, 21, 22, 23, 24, 25, 26, 27]
1667	[]
1668	[294, 295, 296, 297]
1669	[31, 32, 33, 34, 35, 36, 37, 38, 39]
1670	[69, 70, 71, 72]
1671	[]
1672	[201, 202, 203, 204, 205]
1673	[12, 13, 14, 15, 16, 17, 18]
1674	[6, 7, 8, 9, 10, 11, 11, 12, 13, 14, 15, 17, 18, 19, 20, 21, 22, 23, 24, 25, 26, 28, 29, 30, 31, 33, 34, 35, 36, 38, 39, 40, 41, 43, 44, 45, 46, 48, 49, 50, 52, 53, 54, 55, 56, 57, 59, 60, 61, 62, 63, 65, 67, 68, 69, 70, 71, 72, 73, 109, 110, 111, 112, 113, 114, 115, 116, 201, 202, 203, 204, 205, 206, 207, 208]
1675	[113, 114, 115, 116, 117]
1676	[163, 164, 165]
1677	[]
1678	[7, 8, 9, 10, 11, 12, 13]
1679	[0, 1, 2, 3, 4, 4, 5, 6, 7, 8]
1680	[62, 63, 64, 65, 66]
1681	[191, 192, 193, 194, 195, 196]
1682	[89, 90, 91, 92, 93, 94, 94, 95, 96, 97, 98, 99, 100, 101, 102, 103, 104]
1683	[271, 272, 273, 274, 275, 276, 277, 279, 280, 281, 282, 283, 284]
1684	[85, 86, 87, 88, 89, 90, 91, 92, 93, 94, 95, 96]
1685	[8, 9, 10, 11, 12]
1686	[10, 11, 12, 13, 14]
1687	[301, 302, 303, 304]
1688	[145, 146, 147, 148, 207, 208, 209, 210]
1689	[11, 12, 13, 14, 15, 16, 40, 41, 42, 43, 44, 45]
1690	[137, 138, 139, 140, 141, 184, 185, 186, 187, 188]
1691	[10, 11, 12, 13, 14, 15]
1692	[12, 13, 14, 15, 16, 55, 56, 57, 58, 72, 73, 74, 75]
1693	[51, 52, 53, 54, 55, 56, 57, 58, 58, 59, 60, 61, 62, 63, 64, 66, 67, 68, 70, 72, 73, 75, 76]
1694	[49, 50, 51, 52, 53, 54, 55]
1695	[13, 14, 15, 16, 17, 18, 19, 20, 21]
1696	[100, 101, 102, 103, 104, 105]
1697	[409, 410, 411, 412, 413, 414, 415, 416]
1698	[109, 110, 111, 112, 113, 114, 115, 116, 117]
1699	[65, 66, 67, 68, 69, 70, 71, 72, 73]
1700	[88, 89, 90, 91, 92, 93, 111, 112, 113, 114, 115, 116]
1701	[33, 34, 35, 36, 37, 38]
1702	[17, 18, 19, 20, 21, 22]
1703	[0, 1, 2, 3, 4, 5]
1704	[0, 1, 2, 3, 4]
1705	[0, 1, 2, 3, 4]
1706	[20, 21, 22, 23, 24, 25, 26, 27, 28]
1707	[320, 321, 322, 323, 324, 325, 326]
1708	[72, 73, 74, 75, 76]
1709	[54, 55, 56, 57, 58, 59]
1710	[44, 45, 46, 47, 48]
1711	[4, 5, 6, 7, 8, 259, 260, 261, 262, 263, 263, 264, 265, 266, 267, 268, 269]
1712	[12, 13, 14, 15, 16, 17, 94, 95, 96, 97, 98, 99, 100, 101, 102]
1713	[281, 282, 283, 284, 285, 286, 287]
1714	[11, 12, 13, 14, 15, 16, 17, 17, 18, 19, 20, 21, 22, 23]
1715	[]
1716	[16, 17, 18, 19]
1717	[236, 237, 238, 239, 240, 419, 420, 421, 422, 423, 424, 425, 451, 452, 453, 454, 455]
1718	[67, 68, 69, 70, 71, 72, 73, 74, 75]
1719	[17, 18, 19, 20, 21, 22, 23, 24, 25]
1720	[0, 1, 2, 3, 4, 5, 6, 7, 8, 9]
1721	[12, 13, 14, 15, 16, 17, 18, 19]
1722	[]
1723	[]
1724	[0, 1, 2, 204, 205, 206]
1725	[91, 92, 93, 94, 95, 96]
1726	[51, 52, 53, 54]
1727	[7, 8, 9, 10, 11]
1728	[11, 12, 13, 14, 15]
1729	[26, 27, 28, 29, 30, 31]
1730	[]
1731	[0, 1, 2, 3, 4, 5, 48, 49, 50, 51, 52, 53, 54, 55]
1732	[]
1733	[26, 27, 28, 29, 30, 31, 32, 33]
1734	[44, 45, 46, 47, 48, 49]
1735	[22, 23, 24, 25]
1736	[0, 1, 2, 3]
1737	[]
1738	[]
1739	[41, 42, 43, 44, 45, 46]
1740	[7, 8, 9, 10, 11, 12, 13, 14, 15]
1741	[109, 110, 111, 112, 113, 114]
1742	[315, 316, 317]
1743	[39, 40, 41, 42, 43, 44]
1744	[11, 12, 13, 14, 15, 16]
1745	[42, 43, 44, 45, 46, 47, 48]
1746	[]
1747	[21, 22, 23, 24, 25, 26, 27]
1748	[7, 8, 9, 10, 11, 12, 438, 439, 440, 441, 442, 443, 458, 459, 460, 461, 462, 463, 464, 465, 466]
1749	[184, 185, 186, 187, 188, 189, 190, 230, 231, 232, 233, 234, 235, 236, 237]
1750	[21, 22, 23, 24, 25, 26]
1751	[4, 5, 6, 7]
1752	[24, 25, 26, 27, 28, 29, 39, 40, 41, 42, 43, 44]
1753	[]
1754	[498, 499, 500, 501]
1755	[]
1756	[29, 30, 31]
1757	[13, 14, 15, 16, 17, 18, 19]
1758	[51, 52, 53, 54, 55, 56, 57]
1759	[21, 22, 23, 24, 25, 26]
1760	[57, 58, 59, 60, 61]
1761	[]
1762	[]
1763	[142, 143, 144, 145, 146, 147, 148]
1764	[4, 5, 6, 7, 8, 9, 27, 28, 29, 30, 31, 32, 33]
1765	[21, 22, 23, 24, 25, 85, 86, 87, 88, 89, 90, 91, 92, 93]
1766	[73, 74, 75, 76, 77, 78]
1767	[138, 139, 140, 141]
1768	[7, 8, 9, 10, 11, 12, 13, 13, 14, 15, 16, 18, 19, 20, 21, 23, 24, 25, 26, 27, 28, 29, 53, 54, 55, 57, 58, 60, 61, 62, 64, 65, 66, 68, 69, 70, 71, 73, 74, 75, 76, 77, 78, 79, 81, 82, 84, 85, 86, 87, 89, 90, 91, 92, 94, 95, 96, 97, 98, 99, 100, 102, 103, 105, 106, 107]
1769	[36, 37, 38, 39]
1770	[]
1771	[29, 30, 31, 32, 33, 34, 35, 36]
1772	[]
1773	[0, 1, 2, 3, 4, 5, 11, 12, 13, 14, 15, 16, 17, 18, 19, 20]
1774	[6, 7, 8, 9, 10, 11]
1775	[110, 111, 112, 113, 114, 115, 116, 117]
1776	[0, 1, 2, 3, 4, 5, 17, 18, 19, 20, 21, 22]
1777	[]
1778	[24, 25, 26, 27, 28]
1779	[]
1780	[219, 220, 221, 222, 223]
1781	[102, 103, 104, 105, 106, 107, 108, 109, 110]
1782	[129, 130, 131, 132, 133, 134]
1783	[162, 163, 164, 165, 166, 167]
1784	[66, 67, 68, 69, 70, 71, 72]
1785	[17, 18, 19, 20, 21, 22, 23]
1786	[36, 37, 38, 39, 40, 41, 42]
1787	[0, 1, 2, 3, 194, 195, 196, 197, 215, 216, 217, 218]
1788	[]
1789	[32, 33, 34, 35, 36, 37]
1790	[62, 63, 64, 65, 66, 67, 68, 69]
1791	[109, 110, 111, 112, 113, 114]
1792	[15, 16, 17, 18]
1793	[14, 15, 16, 17, 18]
1794	[94, 95, 96, 97, 241, 242, 243, 244, 245, 246]
1795	[31, 32, 33, 34, 35, 36, 37]
1796	[207, 208, 209, 210, 211, 212, 213, 214]
1797	[26, 27, 28, 29, 30, 31, 32, 33, 34, 35]
1798	[48, 49, 50, 51, 52]
1799	[233, 234, 235, 236]
1800	[49, 50, 51, 52, 53]
1801	[87, 88, 89, 90]
1802	[60, 61, 62, 63, 64]
1803	[157, 158, 159, 160, 161, 162]
1804	[49, 50, 51, 52, 53, 54]
1805	[0, 1, 2, 3, 4, 5]
1806	[115, 116, 117, 118]
1807	[139, 140, 141, 142, 143, 245, 246, 247]
1808	[35, 36, 37, 38, 39, 40]
1809	[0, 1, 2, 3, 4, 5]
1810	[53, 54, 55, 56, 57, 58, 59]
1811	[12, 13, 14, 15]
1812	[23, 24, 25, 26, 27, 28]
1813	[57, 58, 59, 60]
1814	[11, 12, 13, 14, 15, 16]
1815	[28, 29, 30, 31, 32, 33]
1816	[392, 393, 394, 395, 396, 397, 398, 399, 400]
1817	[33, 34, 35, 36, 37]
1818	[]
1819	[7, 8, 9, 10, 11]
1820	[58, 59, 60, 61, 62, 63, 64, 106, 107, 108, 109, 110, 111, 112, 113, 114, 115, 259, 260, 261, 262, 263, 264, 265]
1821	[8, 9, 10, 11, 12, 13]
1822	[12, 13, 14, 15, 16, 48, 49, 50, 51, 52, 53]
1823	[204, 205, 206, 207, 208, 209]
1824	[]
1825	[]
1826	[8, 9, 10, 11, 12]
1827	[12, 13, 14, 15, 15, 16, 17, 18, 19, 20, 22, 23, 24, 25, 27, 28, 29, 30, 31, 32, 34, 35, 36, 37, 38, 39, 40, 42, 43, 44, 45, 47, 48, 49, 50, 51]
1828	[]
1829	[31, 32, 33, 34, 35, 36]
1830	[136, 137, 138, 139, 140, 141]
1831	[10, 11, 12, 13, 14, 15, 16, 17]
1832	[]
1833	[417, 418, 419, 420, 421, 422]
1834	[67, 68, 69, 70, 71, 72]
1835	[125, 126, 127, 128, 129]
1836	[14, 15, 16, 17, 18, 19]
1837	[148, 149, 150, 151, 152, 153]
1838	[20, 21, 22, 23, 24, 25]
1839	[45, 46, 47, 48, 49, 136, 137, 138, 139, 140, 141, 142, 143, 144]
1840	[31, 32, 33, 34, 35, 36]
1841	[51, 52, 53, 54, 55, 56, 57]
1842	[48, 49, 50, 51, 52, 53, 54, 55, 56]
1843	[]
1844	[174, 175, 176, 177, 178, 179, 180, 181, 182, 243, 244, 245, 246, 247, 248, 249, 371, 372, 373, 374, 375, 376, 377, 378]
1845	[]
1846	[15, 16, 17, 18, 19, 20]
1847	[]
1848	[34, 35, 36, 37, 38]
1849	[]
1850	[248, 249, 250, 251, 252, 253, 254, 255, 256]
1851	[270, 271, 272, 273, 274, 275]
1852	[23, 24, 25, 26, 27, 53, 54, 55, 56, 57, 58, 59, 59, 60, 61, 62, 63, 64, 65, 66, 67, 68]
1853	[23, 24, 25, 26, 27, 28, 29, 30, 30, 31, 32, 33, 34, 35, 36]
1854	[8, 9, 10, 11, 12, 13]
1855	[14, 15, 16, 17, 18, 19, 20, 21, 22, 23]
1856	[97, 98, 99, 100, 101, 102, 103, 103, 104, 105, 106, 107, 108, 109, 110, 111, 114, 115, 116, 117, 118, 119, 120, 121, 123, 124, 125, 126, 127]
1857	[8, 9, 10, 11, 12, 132, 133, 134, 135]
1858	[28, 29, 30, 31, 32, 51, 52, 53, 54, 55]
1859	[]
1860	[180, 181, 182, 183, 184, 185, 186, 187]
1861	[9, 10, 11, 12, 21, 22, 23, 24, 59, 60, 61, 62, 63]
1862	[47, 48, 49, 50, 51, 52, 58, 59, 60, 61, 62, 63, 64, 65]
1863	[96, 97, 98, 99]
1864	[31, 32, 33, 34, 35]
1865	[]
1866	[2, 3, 4, 5]
1867	[14, 15, 16, 17, 18, 19, 20, 21]
1868	[87, 88, 89, 90, 91, 92]
1869	[444, 445, 446, 447, 448, 449]
1870	[0, 1, 2, 3, 4]
1871	[79, 80, 81, 82, 83, 84, 85, 86, 87, 153, 154, 155, 156, 157, 158, 159, 160]
1872	[17, 18, 19, 20, 21]
1873	[57, 58, 59, 60, 61, 62]
1874	[]
1875	[]
1876	[5, 6, 7, 8, 9, 10, 11, 12]
1877	[12, 13, 14, 15, 16, 17, 18]
1878	[144, 145, 146, 147, 148, 149, 150, 151, 152, 153, 154, 155]
1879	[39, 40, 41, 42, 43, 44, 45, 46, 47, 48]
1880	[26, 27, 28]
1881	[39, 40, 41, 42, 43]
1882	[142, 143, 144, 145, 146]
1883	[]
1884	[44, 45, 46, 47, 48, 49]
1885	[14, 15, 16, 17, 18, 19, 20, 21, 22, 22, 23, 24, 25, 26, 27, 28, 31, 32, 33, 34, 35, 36, 38, 39, 40, 41, 42, 43, 44, 45, 47, 48, 49, 50, 51, 52, 53, 56, 57, 58, 59, 62, 63, 64, 65, 66]
1886	[234, 235, 236, 237, 238, 239, 259, 260, 261, 262, 263, 264]
1887	[]
1888	[]
1889	[392, 393, 394, 395, 396, 397, 398]
1890	[8, 9, 10, 11, 12, 13, 14]
1891	[9, 10, 11, 12, 13, 160, 161, 162, 163, 164, 165]
1892	[]
1893	[33, 34, 35, 36, 37, 38]
1894	[348, 349, 350, 351, 352, 353]
1895	[282, 283, 284, 285]
1896	[83, 84, 85, 86]
1897	[]
1898	[41, 42, 43, 44, 45, 46]
1899	[280, 281, 282, 283]
1900	[55, 56, 57, 58]
1901	[45, 46, 47, 48, 102, 103, 104, 105, 106, 107]
1902	[4, 5, 6, 7, 8, 9, 10, 11]
1903	[221, 222, 223, 224, 225, 226, 227, 228]
1904	[8, 9, 10, 11, 12]
1905	[28, 29, 30, 31, 32, 33]
1906	[84, 85, 86, 87, 88, 89]
1907	[]
1908	[11, 12, 13, 14, 15]
1909	[11, 12, 13, 14, 15, 16, 17, 18, 19, 20, 21, 22, 24, 25, 26, 27, 28, 29, 30, 31, 32]
1910	[4, 5, 6, 7, 8, 9, 10, 11, 12, 81, 82, 83, 84, 85, 86, 87, 88]
1911	[66, 67, 68, 69, 70]
1912	[39, 40, 41, 42]
1913	[101, 102, 103, 104, 105, 106, 107, 108]
1914	[342, 343, 344, 345, 346, 347]
1915	[67, 68, 69, 70, 71]
1916	[5, 6, 7, 8, 9, 10, 11, 12]
1917	[41, 42, 43, 44, 45, 46, 47, 48, 49]
1918	[4, 5, 6, 7, 8, 9]
1919	[98, 99, 100, 101, 102, 123, 124, 125, 126, 127, 128]
1920	[75, 76, 77, 78, 79]
1921	[40, 41, 42, 43, 44, 45]
1922	[30, 31, 32, 33]
1923	[31, 32, 33, 34, 35]
1924	[130, 131, 132, 133, 134, 316, 317, 318, 319, 320]
1925	[]
1926	[]
1927	[]
1928	[27, 28, 29, 30, 31, 32, 33]
1929	[45, 46, 47, 48]
1930	[51, 52, 53, 54, 55, 56]
1931	[28, 29, 30, 31, 32, 32, 33, 34, 35, 36]
1932	[]
1933	[]
1934	[19, 20, 21, 22]
1935	[13, 14, 15, 16, 17, 18, 19]
1936	[26, 27, 28, 29, 30, 31, 32, 33, 34]
1937	[68, 69, 70, 71, 72, 73]
1938	[0, 1, 2, 3, 4, 5, 6, 19, 20, 21, 22, 23]
1939	[29, 30, 31, 32, 33, 34, 104, 105, 106, 107, 108]
1940	[26, 27, 28, 29, 30]
1941	[336, 337, 338, 339, 340, 341]
1942	[21, 22, 23, 24, 25, 26, 27, 28, 29]
1943	[6, 7, 8, 9, 10, 121, 122, 123, 124, 125, 126, 126, 127, 128, 129, 130, 131, 132, 133, 134, 135, 136, 137, 138]
1944	[]
1945	[22, 23, 24]
1946	[23, 24, 25, 26, 27, 33, 34, 35, 36, 37]
1947	[132, 133, 134, 135]
1948	[89, 90, 91, 92, 93, 94]
1949	[8, 9, 10, 11, 12]
1950	[22, 23, 24, 25, 26, 27, 28, 29]
1951	[]
1952	[82, 83, 84, 85]
1953	[]
1954	[0, 1, 2, 3, 4]
1955	[185, 186, 187, 188, 189, 190]
1956	[28, 29, 30, 31, 32, 33, 56, 57, 58, 59, 60]
1957	[]
1958	[78, 79, 80, 81]
1959	[20, 21, 22, 23, 24, 25, 26]
1960	[49, 50, 51, 52, 53, 54]
1961	[28, 29, 30, 31, 32, 32, 33, 34, 35, 36, 38, 39, 40]
1962	[28, 29, 30, 31, 32, 33]
1963	[0, 1]
1964	[23, 24, 25, 26, 27, 28, 29, 30, 31]
1965	[0, 1, 2, 3, 3, 4, 5, 6, 7, 8, 9, 11, 12, 13, 14, 15, 16, 17, 19, 20, 21, 22, 23, 24, 29, 30, 31, 32, 34, 35, 36, 37, 39, 40, 41, 42, 43, 44, 45, 46, 162, 163, 164, 165, 166, 167, 168, 169]
1966	[]
1967	[145, 146, 147, 148, 149, 150, 151, 152, 153]
1968	[17, 18, 19, 20, 21, 104, 105, 106, 107]
1969	[8, 9, 10, 11, 12, 13, 14]
1970	[65, 66, 67, 68, 69]
1971	[]
1972	[27, 28, 29, 30, 31, 32, 170, 171, 172, 173, 174, 175, 176, 177]
1973	[124, 125, 126, 127, 135, 136, 137, 138, 139, 140, 141, 142, 143]
1974	[]
1975	[70, 71, 72, 73, 74]
1976	[140, 141, 142, 143, 144, 145, 146, 147]
1977	[162, 163, 164, 165, 166, 167]
1978	[281, 282, 283, 284]
1979	[5, 6, 7, 8, 9, 9, 10, 11, 12, 13, 14, 15, 16, 19, 20, 21, 22, 23, 25, 26, 27, 28, 30, 32, 33, 34, 35, 36, 38, 39, 40, 41, 43, 44, 46, 47, 48, 50, 51, 52, 53, 54, 55, 56, 57]
1980	[8, 9, 10, 11, 12]
1981	[15, 16, 17, 18, 19, 20, 21]
1982	[0, 1, 2, 3, 4, 5, 107, 108, 109, 110, 111, 112, 120, 121, 122, 123, 124, 125, 170, 171, 172, 173, 174, 175]
1983	[41, 42, 43, 44, 45, 46]
1984	[]
1985	[12, 13, 14, 15, 16, 17, 18, 19, 20, 32, 33, 34, 35]
1986	[0, 1, 2, 3, 4, 5, 6]
1987	[52, 53, 54, 55, 56, 57]
1988	[161, 162, 163, 164, 165, 166]
1989	[78, 79, 80, 81]
1990	[13, 14, 15, 16, 17, 18, 19, 20, 21]
1991	[90, 91, 92, 93, 94]
1992	[76, 77, 78, 79, 80, 81, 82]
1993	[52, 53, 54, 55, 56, 57, 58, 59, 60]
1994	[30, 31, 32, 33, 34, 35]
1995	[4, 5, 6, 7, 8, 70, 71, 72, 73, 74, 75, 76, 77]
1996	[23, 24, 25, 26, 27]
1997	[157, 158, 159, 160, 161, 162, 163, 164, 165, 166]
1998	[]
1999	[]
